30,1999,123,1000,-.929,-.867,0,0
5,1999,123,1005,12.08,12.88,0,67.22,63.08,11.4,11.07,1.227,1.222,651.1,0,1.227,60.56,1.833,1.875
5,1999,123,1010,12.09,13.15,0,66.79,62.83,11.51,11.21,1.854,1.875,658.5,0,1.854,59.26,2.25,2.5
5,1999,123,1015,12.09,13.15,0,65.36,61.63,11.31,11.01,1.954,1.933,666.2,0,1.954,43.83,2.708,2.792
5,1999,123,1020,12.09,13.14,0,67.97,64.09,11.24,10.9,1.721,1.746,672.9,0,1.721,43.49,2.458,2.542
5,1999,123,1025,12.09,13.21,0,64.68,61.4,11.27,10.91,2.196,2.179,681.9,0,2.196,36.31,2.667,2.75
30,1999,123,1030,10.98,10.73,1.253,1.182
5,1999,123,1030,12.09,13.28,0,65.38,61.4,10.83,10.63,3.317,3.262,689.8,0,3.317,30.11,4.125,4.125
5,1999,123,1035,12.09,13.3,0,68.17,63.99,11.02,10.8,2.412,2.417,696.3,0,2.412,50.17,3.292,3.083
5,1999,123,1040,12.09,13.29,0,66.86,62.45,10.76,10.62,3.292,3.333,704,0,3.292,37.88,4.5,4.625
5,1999,123,1045,12.09,13.27,0,70.4,66.18,11.09,10.89,2.554,2.6,710,0,2.554,38.65,3.208,3.5
5,1999,123,1050,12.09,13.27,0,68.32,64.29,11.17,10.92,2.362,2.479,718,0,2.362,50,2.833,3
5,1999,123,1055,12.09,13.26,0,69.68,65.54,11.28,10.98,2.262,2.383,724,0,2.262,59.52,2.792,3.167
30,1999,123,1100,11.24,11.03,.586,.51
60,1999,123,1100,12.09,13.21,0,67.41,63.45,11.16,10.89,2.333,2.366,690.3,0,2.333,45.73
5,1999,123,1100,12.09,13.29,0,68.05,64.52,11.02,10.78,2.737,2.85,707,0,2.737,43.37,3.25,3.458
5,1999,123,1105,12.09,13.32,0,68.35,63.92,10.76,10.59,2.617,2.737,736,0,2.617,51.93,3.25,3.333
5,1999,123,1110,12.09,13.33,0,70.8,66.39,10.79,10.62,2.846,2.871,739,0,2.846,36.08,3.917,4
5,1999,123,1115,12.09,13.36,0,71.3,66.91,11.2,10.98,2.292,2.375,745,0,2.292,55.9,2.625,2.875
5,1999,123,1120,12.09,13.39,0,70.9,66.84,11.31,11.01,2.433,2.458,750,0,2.433,49.07,3.083,3.167
5,1999,123,1125,12.1,13.44,0,71.4,67.46,11.2,10.88,2.387,2.362,753,0,2.387,43.09,3.458,3.375
30,1999,123,1130,11.29,11.12,.664,.582
5,1999,123,1130,12.1,13.49,0,71.6,67.83,11.16,10.75,2.446,2.433,756,0,2.446,59.42,3.333,3.333
5,1999,123,1135,12.1,13.52,0,70,66.24,11.03,10.69,2.4,2.433,760,0,2.4,44.94,3.042,3.042
5,1999,123,1140,12.1,13.57,0,71.7,67.45,11.09,10.8,2.342,2.229,761,0,2.342,50.43,3.375,3
5,1999,123,1145,12.1,13.61,0,65.29,61.85,11.59,11.26,2.317,2.429,762,0,2.317,40.9,3.292,3.208
5,1999,123,1150,12.1,13.68,0,69.96,66.15,11.15,10.89,2.829,2.937,757,0,2.829,46.73,3.833,4.042
5,1999,123,1155,12.1,13.73,0,71.3,67.14,11.44,11.13,2.362,2.483,758,0,2.362,64.91,3.083,3.125
30,1999,123,1200,11.54,11.38,.712,.61
60,1999,123,1200,12.1,13.52,0,70.2,66.21,11.19,10.9,2.452,2.513,753,0,2.452,49.96
5,1999,123,1200,12.1,13.75,0,69.98,66.34,11.52,11.17,2.15,2.404,762,0,2.15,55.69,2.708,3.208
5,1999,123,1205,12.1,13.78,0,66.81,63.14,11.62,11.22,2.442,2.492,769,0,2.442,53.77,3.375,3.042
5,1999,123,1210,12.1,13.78,0,68.95,65.08,11.23,10.93,3.008,3.142,772,0,3.008,48.42,3.667,3.75
5,1999,123,1215,12.1,13.78,0,68.67,65.07,11.37,11.13,2.604,2.712,775,0,2.604,56.14,3.083,3.208
5,1999,123,1220,12.1,13.77,0,68.43,64.25,11.37,11.14,2.767,2.825,776,0,2.767,49.27,4,3.75
5,1999,123,1225,12.1,13.75,0,68.53,64.6,11.2,10.95,2.896,3,770,0,2.896,45.04,4.917,4.792
30,1999,123,1230,11.6,11.47,.76,.67
5,1999,123,1230,12.1,13.72,0,68.36,64.93,11.45,11.17,2.829,2.837,770,0,2.829,46.27,3.583,3.583
5,1999,123,1235,12.1,13.7,0,71.3,67.03,10.99,10.76,4.017,4.025,766,0,4.017,35.22,4.875,5
5,1999,123,1240,12.1,13.65,0,72.6,67.97,10.64,10.42,3.275,3.3,769,0,3.275,52.4,4.417,4.458
5,1999,123,1245,12.1,13.55,0,73.6,69.33,11.08,10.8,2.817,2.892,762,0,2.817,54.05,3.667,3.5
5,1999,123,1250,12.1,13.46,0,72,68.02,11.07,10.73,2.762,2.746,756,0,2.762,53.26,3.208,3.375
5,1999,123,1255,12.1,13.38,0,72.2,68.3,11.07,10.7,3.037,3.104,759,0,3.037,38.42,4.292,4.333
30,1999,123,1300,11.16,11,.684,.569
60,1999,123,1300,12.1,13.64,0,70.4,66.39,11.15,10.87,2.959,3.018,766,0,2.959,48.79
5,1999,123,1300,12.1,13.33,0,73.5,69,10.69,10.43,3.058,3.137,752,0,3.058,53.6,4.208,4.333
5,1999,123,1305,12.1,13.3,0,73,68.76,11.22,10.92,2.346,2.283,752,0,2.346,59.7,2.917,2.917
5,1999,123,1310,12.1,13.31,0,68.7,65.11,11.47,11.11,2.446,2.55,754,0,2.446,50.69,3.042,3.125
5,1999,123,1315,12.1,13.35,0,68.98,65.4,11.32,10.94,2.712,2.821,752,0,2.712,46.72,3.542,3.667
5,1999,123,1320,12.1,13.38,0,71,66.98,11.47,11.11,2.35,2.346,748,0,2.35,65.08,2.875,2.708
5,1999,123,1325,12.1,13.42,0,66.56,63.15,11.84,11.45,2.633,2.637,742,0,2.633,59.74,3.333,3.5
30,1999,123,1330,11.84,11.66,.691,.583
5,1999,123,1330,12.1,13.49,0,68.86,65.24,11.68,11.34,2.771,2.887,742,0,2.771,50.57,3.583,3.708
5,1999,123,1335,12.1,13.56,0,70.1,66.34,11.51,11.18,3.108,3.025,735,0,3.108,64.58,4.708,4.333
5,1999,123,1340,12.1,13.6,0,70.6,66.47,11.41,11.05,3.154,3.183,727,0,3.154,48.07,4.042,3.792
5,1999,123,1345,12.1,13.63,0,68.91,65.21,11.49,11.11,2.929,2.942,721,0,2.929,53.18,3.5,3.458
5,1999,123,1350,12.1,13.64,0,68.51,64.52,11.5,11.12,2.975,3.054,720,0,2.975,67.12,3.917,3.917
5,1999,123,1355,12.1,13.63,0,72.3,68.44,11.18,10.85,3.637,3.712,716,0,3.637,50.16,4.208,4.458
30,1999,123,1400,11.54,11.39,.631,.559
60,1999,123,1400,12.1,13.5,0,70.2,66.34,11.42,11.07,2.845,2.887,735,0,2.845,55.67
5,1999,123,1400,12.1,13.62,0,74.8,70.5,10.99,10.7,3.079,3.204,710,0,3.079,53.22,4.292,4.583
5,1999,123,1405,12.1,13.62,0,73.1,68.74,11.3,11.03,2.85,2.858,706,0,2.85,67.55,3.333,3.417
5,1999,123,1410,12.1,13.63,0,69.39,65.28,11.49,11.18,3.304,3.233,695.8,0,3.304,56.98,4.333,4.208
5,1999,123,1415,12.1,13.65,0,72.1,67.82,11.27,10.98,2.95,2.967,686.7,0,2.95,47.7,3.875,3.75
5,1999,123,1420,12.1,13.66,0,72.4,68.08,11.18,10.9,3.229,3.308,672.4,0,3.229,55.95,3.958,3.958
5,1999,123,1425,12.1,13.66,0,72.7,68.37,11.2,10.9,3.287,3.212,669.5,0,3.287,55.6,4.125,3.833
30,1999,123,1430,11.58,11.33,.646,.573
5,1999,123,1430,12.1,13.62,0,72.1,67.83,11.11,10.81,3.3,3.429,660.9,0,3.3,63.3,4.042,4.292
5,1999,123,1435,12.1,13.56,0,70.1,65.88,11.14,10.89,3.337,3.396,654.7,0,3.337,59.21,4.042,4.125
5,1999,123,1440,12.1,13.52,0,73.2,68.85,11.06,10.8,3.096,3.275,648.8,0,3.096,58.87,4.083,4.292
5,1999,123,1445,12.1,13.49,0,72,67.77,11.08,10.8,2.937,3.154,638.1,0,2.937,58.74,3.5,3.708
5,1999,123,1450,12.1,13.45,0,72.2,67.89,11.14,10.89,3.246,3.221,632.3,0,3.246,58.37,4.042,4.125
5,1999,123,1455,12.1,13.45,0,72.7,68.26,11.14,10.9,3.121,3.1,617.3,0,3.121,57.43,4.208,4.125
30,1999,123,1500,11.45,11.25,.602,.549
60,1999,123,1500,12.1,13.56,0,72,67.74,11.19,10.92,3.161,3.208,657.6,0,3.161,57.37
5,1999,123,1500,12.1,13.44,0,72.3,68.08,11.18,10.89,3.271,3.337,608.5,0,3.271,48.75,4,4.25
5,1999,123,1505,12.1,13.4,0,73,68.61,10.97,10.7,3.233,3.337,598.3,0,3.233,62.9,4.25,3.875
5,1999,123,1510,12.1,13.35,0,72.3,67.88,11.06,10.8,3.042,3.225,590.5,0,3.042,65.77,3.625,3.958
5,1999,123,1515,12.1,13.31,0,69.13,64.97,11.1,10.83,3.225,3.283,590.1,0,3.225,65.97,3.875,3.875
5,1999,123,1520,12.1,13.27,0,71.2,66.84,11.07,10.82,3.537,3.687,578.9,0,3.537,62.63,4.042,4.25
5,1999,123,1525,12.1,13.24,0,71.4,67.2,11.29,11.02,3.004,3.021,569.8,0,3.004,60.43,3.542,3.708
30,1999,123,1530,11.49,11.25,.501,.444
5,1999,123,1530,12.1,13.24,0,70.1,65.96,11.32,11.04,3.075,3.137,564.6,0,3.075,54.63,3.667,3.958
5,1999,123,1535,12.1,13.25,0,70.2,66.19,11.14,10.86,3.046,3.3,556.7,0,3.046,56.87,3.583,3.75
5,1999,123,1540,12.1,13.24,0,68.98,64.94,11.25,10.99,3.779,3.65,552.7,0,3.779,63.56,4.542,4.333
5,1999,123,1545,12.1,13.24,0,69.34,65.27,11.32,11.06,2.825,2.954,544.2,0,2.825,51.64,3.417,3.583
5,1999,123,1550,12.1,13.24,0,69.08,65.17,11.25,10.93,3.021,3.183,531,0,3.021,61.41,4.25,3.958
5,1999,123,1555,12.1,13.22,0,71.1,66.88,11.21,10.92,3.104,3.183,526.5,0,3.104,63.46,4.417,4.083
30,1999,123,1600,11.54,11.28,.507,.454
60,1999,123,1600,12.1,13.27,0,70.5,66.37,11.18,10.91,3.162,3.255,559.8,0,3.162,60.51
5,1999,123,1600,12.1,13.2,0,70.7,66.57,11.23,10.95,3.058,3.092,514.4,0,3.058,57.04,3.792,3.792
5,1999,123,1605,12.1,13.17,0,68.13,64,11.23,10.97,3.454,3.479,494.4,0,3.454,71.1,4.5,4.833
5,1999,123,1610,12.1,13.14,0,71.1,66.75,11.15,10.9,3.554,3.504,478.4,0,3.554,72.5,4.25,3.958
5,1999,123,1615,12.1,13.12,0,68.82,64.64,11.33,11.08,2.742,2.908,469.7,0,2.742,61.44,3.583,3.792
5,1999,123,1620,12.1,13.09,0,69.25,65.15,11.34,11.06,2.9,3.033,457,0,2.9,71.7,3.5,3.417
5,1999,123,1625,12.1,13.08,0,70.2,65.85,11.38,11.1,2.987,3.071,445.1,0,2.987,69,4.083,3.625
30,1999,123,1630,11.64,11.37,.395,.398
5,1999,123,1630,12.1,13.07,0,69.54,65.33,11.35,11.07,2.708,2.871,429.6,0,2.708,66.98,3.125,3.25
5,1999,123,1635,12.1,13.05,0,69.3,65.23,11.14,10.85,2.708,2.825,419.5,0,2.708,56.56,3.25,3.583
5,1999,123,1640,12.1,13,0,70.2,66.03,11.15,10.87,2.792,2.933,417.6,0,2.792,62.18,3.417,3.5
5,1999,123,1645,12.1,12.95,0,69.48,65.49,11.1,10.82,3.042,3.175,402.7,0,3.042,67.93,3.667,3.875
5,1999,123,1650,12.1,12.91,0,70.1,65.72,11.11,10.85,2.7,2.787,387.8,0,2.7,59.98,3.125,3.25
5,1999,123,1655,12.1,12.87,0,69.87,65.59,10.96,10.7,3.242,3.383,374.2,0,3.242,60.52,4.333,4.125
30,1999,123,1700,11.32,11.05,.32,.302
60,1999,123,1700,12.1,13.02,0,69.68,65.47,11.18,10.91,3.027,3.12,428.3,0,3.027,65.98
5,1999,123,1700,12.1,12.8,0,70.3,65.92,10.85,10.61,3.496,3.471,362.9,0,3.496,71.7,4.458,4.167
5,1999,123,1705,12.1,12.74,0,71.4,66.76,10.97,10.73,3.129,3.146,355.5,0,3.129,69.68,4.417,4.042
5,1999,123,1710,12.1,12.68,0,72.1,67.63,10.99,10.72,2.887,3.033,340.8,0,2.887,72.6,4.5,4.625
5,1999,123,1715,12.1,12.63,0,70.9,66.3,10.98,10.75,3.521,3.375,328.8,0,3.521,79.8,4.292,4.417
5,1999,123,1720,12.1,12.59,0,72,67.19,10.94,10.73,3.696,3.633,317.7,0,3.696,82,4.792,4.5
5,1999,123,1725,12.1,12.55,0,71.5,66.73,10.84,10.64,3.5,3.462,303.9,.017,3.5,80.7,4.792,4.583
30,1999,123,1730,11.25,10.96,.3,.29
5,1999,123,1730,12.1,12.51,0,71.4,66.76,10.87,10.64,2.942,3.004,289.3,0,2.942,74.2,3.583,3.5
5,1999,123,1735,12.1,12.46,0,71.3,66.55,10.9,10.69,3.146,3.042,276,0,3.146,77.6,3.958,3.667
5,1999,123,1740,12.1,12.42,0,72.3,67.74,11.03,10.8,2.883,2.817,256.6,0,2.883,75.8,4.25,3.792
5,1999,123,1745,12.1,12.39,0,72.2,67.6,10.91,10.68,2.712,2.842,245.8,0,2.712,59.17,3.333,3.333
5,1999,123,1750,12.1,12.33,0,73.2,68.47,10.87,10.63,2.754,2.837,231,0,2.754,75,3.708,3.5
5,1999,123,1755,12.1,12.28,0,73.4,68.53,10.77,10.57,3.575,3.458,220.9,0,3.575,79.8,4.125,3.958
30,1999,123,1800,11.07,10.84,.238,.228
60,1999,123,1800,12.1,12.48,0,72,67.35,10.9,10.67,3.135,3.13,281,.001,3.135,74.4
5,1999,123,1800,12.1,12.21,0,72.9,67.93,10.67,10.47,2.879,2.912,206.1,0,2.879,66.25,3.708,3.417
5,1999,123,1805,12.1,12.13,0,72.2,67.37,10.66,10.46,3.279,3.233,193.6,0,3.279,72.9,4.167,3.875
5,1999,123,1810,12.1,12.06,0,73.6,68.61,10.57,10.37,3.25,3.046,183.6,0,3.25,82.4,4.083,3.708
5,1999,123,1815,12.1,11.98,0,74.4,69.51,10.55,10.36,2.975,2.879,174.3,0,2.975,75.7,3.625,3.75
5,1999,123,1820,12.1,11.91,0,75.1,69.94,10.6,10.4,2.829,2.696,163.5,0,2.829,74.4,3.792,3.667
5,1999,123,1825,12.1,11.83,0,74.1,69.13,10.47,10.27,2.962,2.912,155,0,2.962,76,3.625,3.5
30,1999,123,1830,10.65,10.44,.164,.158
5,1999,123,1830,12.1,11.75,0,73.3,68.3,10.27,10.09,3.729,3.558,143,0,3.729,83.2,4.417,4.375
5,1999,123,1835,12.1,11.66,0,75.1,69.91,10.2,10.02,3.075,2.896,127.5,0,3.075,68.77,4,3.833
5,1999,123,1840,12.1,11.57,0,75.5,70.2,10.11,9.94,3.3,3.2,115.6,0,3.3,76.6,4.208,4.083
5,1999,123,1845,12.1,11.47,0,76.6,71.1,9.97,9.81,3.354,3.208,105.8,0,3.354,78.5,3.917,3.667
5,1999,123,1850,12.1,11.36,0,77.8,72.2,9.88,9.72,3.346,3.237,96.6,0,3.346,81.5,4.125,3.792
5,1999,123,1855,12.1,11.25,0,79.2,73.6,9.78,9.62,3.654,3.433,82.2,0,3.654,74.9,4.292,3.958
30,1999,123,1900,9.95,9.84,.097,.091
60,1999,123,1900,12.1,11.68,0,75.7,70.4,10.23,10.05,3.311,3.167,134.3,.003,3.311,77.3
5,1999,123,1900,12.1,11.14,0,81.4,75.5,9.66,9.5,3.975,3.708,70.6,.033,3.975,82.8,5.292,4.625
5,1999,123,1905,12.1,11.01,0,83,76.6,9.5,9.37,3.942,3.754,65.36,0,3.942,78,4.583,4.458
5,1999,123,1910,12.1,10.89,0,84,77.6,9.37,9.25,3.879,3.75,58.23,0,3.879,80.4,5,4.708
5,1999,123,1915,12.1,10.76,0,84.5,77.7,9.3,9.19,3.692,3.458,50.09,.017,3.692,74.9,4.333,3.917
5,1999,123,1920,12.1,10.64,0,84.8,78.2,9.22,9.12,3.792,3.692,38.32,0,3.792,77.4,4.667,4.292
5,1999,123,1925,12.1,10.51,0,85.4,78.4,9.1,9.01,3.825,3.717,31.13,.017,3.825,77.5,5.25,4.667
30,1999,123,1930,9.18,9.18,.046,.041
5,1999,123,1930,12.1,10.38,0,86.5,79.6,8.99,8.9,3.829,3.646,28.13,-.033,3.829,81.5,4.417,4.292
5,1999,123,1935,12.1,10.25,0,87.7,80.7,8.91,8.82,3.7,3.446,26.66,-.017,3.7,78.6,4.292,3.917
5,1999,123,1940,12.1,10.12,0,88.2,81,8.82,8.72,3.408,3.308,24.03,0,3.408,72.7,4,3.917
5,1999,123,1945,12.1,10,0,88.8,81.5,8.74,8.65,3.25,3.037,21.98,.033,3.25,80.2,3.833,3.5
5,1999,123,1950,12.1,9.89,0,89.5,82,8.69,8.62,3.521,3.15,18.1,.017,3.521,74.9,4.5,3.917
5,1999,123,1955,12.1,9.78,0,90.1,82.6,8.65,8.58,3.683,3.362,13.18,.017,3.683,80.6,4.417,4.208
30,1999,123,2000,8.63,8.71,.042,.04
60,1999,123,2000,12.1,10.32,0,86.9,79.9,8.99,8.9,3.621,3.417,31.97,.006,3.621,78.4
5,1999,123,2000,12.09,9.67,0,90.3,82.6,8.59,8.52,2.929,2.687,8.48,.017,2.929,84.1,3.542,3.583
5,1999,123,2005,12.1,9.56,0,90.5,82.6,8.51,8.45,3.196,2.95,5.299,.033,3.196,79.6,3.625,3.542
5,1999,123,2010,12.1,9.44,0,90.8,83,8.47,8.42,3.321,3.058,3.416,.017,3.321,80,4.125,3.667
5,1999,123,2015,12.1,9.34,0,91.1,83.2,8.43,8.38,3.188,2.925,2.416,.017,3.188,79.4,4.208,4.042
5,1999,123,2020,12.09,9.24,0,91,82.9,8.37,8.32,3.367,3.021,1.45,.033,3.367,85.9,3.792,3.542
5,1999,123,2025,12.09,9.14,0,91.5,83.5,8.32,8.25,3.421,3.029,.967,.033,3.421,82.1,3.958,3.958
30,1999,123,2030,8.26,8.41,.07,.065
5,1999,123,2030,12.09,9.05,0,92.1,83.9,8.23,8.16,3.375,2.987,.667,0,3.375,85,3.625,3.25
5,1999,123,2035,12.09,8.95,0,92.3,84.3,8.21,8.16,3.762,3.446,.4,0,3.762,87.2,4.417,3.917
5,1999,123,2040,12.09,8.87,0,92.6,84.7,8.21,8.16,3.487,3.058,.233,0,3.487,82.8,4.042,3.625
5,1999,123,2045,12.09,8.8,0,93,84.9,8.15,8.11,3.233,2.954,.15,.017,3.233,80.9,3.625,3.292
5,1999,123,2050,12.09,8.72,0,93,84.9,8.13,8.09,3.133,2.833,.017,-.017,3.133,87.3,3.667,3.208
5,1999,123,2055,12.09,8.65,0,92.6,84.5,8.17,8.13,3.408,3.108,.017,-.033,3.408,80.1,4.292,3.708
30,1999,123,2100,8.08,8.24,.069,.067
60,1999,123,2100,12.09,9.03,0,91.9,83.9,8.28,8.23,3.327,3.024,1.258,.01,3.327,82.6
5,1999,123,2100,12.09,8.59,0,92,84,8.16,8.12,3.033,2.917,.067,.017,3.033,81.1,3.958,3.792
5,1999,123,2105,12.09,8.53,0,91.9,84,8.14,8.1,3.008,2.783,-.033,.033,3.008,74.6,3.583,3.25
5,1999,123,2110,12.09,8.48,0,92,83.9,8.18,8.14,3.6,3.337,.017,.017,3.6,79.6,4.542,4.208
5,1999,123,2115,12.09,8.44,0,91.8,83.7,8.19,8.14,3.9,3.583,.067,.05,3.9,83.7,4.375,4.292
5,1999,123,2120,12.09,8.4,0,91.6,83.5,8.11,8.06,3.446,3.225,.017,-.017,3.446,77.2,4.542,3.833
5,1999,123,2125,12.09,8.36,0,91.1,83,8.1,8.06,3.646,3.408,-.017,.017,3.646,73.7,4.375,4.083
30,1999,123,2130,8.08,8.24,.08,.075
5,1999,123,2130,12.09,8.32,0,89.3,81.4,8.2,8.16,4.133,3.775,-.05,.017,4.133,76.1,5.292,4.875
5,1999,123,2135,12.09,8.3,0,89,81.5,8.29,8.24,4.362,3.887,.05,.05,4.362,84.2,5.083,4.292
5,1999,123,2140,12.09,8.29,0,88.6,80.9,8.38,8.34,4.587,4.258,.017,-.017,4.587,81.9,5.667,4.917
5,1999,123,2145,12.09,8.28,0,88.2,80.7,8.45,8.4,4.142,3.887,.017,.017,4.142,84.4,5.125,4.792
5,1999,123,2150,12.09,8.28,0,88.2,80.6,8.39,8.34,4.029,3.729,-.017,-.017,4.029,81.9,5.167,4.875
5,1999,123,2155,12.09,8.28,0,87.7,80.3,8.37,8.33,3.746,3.396,.05,.033,3.746,79.7,4.583,4.042
30,1999,123,2200,8.29,8.43,.082,.083
60,1999,123,2200,12.09,8.35,0,89.8,82,8.26,8.21,3.887,3.586,.011,.015,3.887,79.7
5,1999,123,2200,12.09,8.26,0,87.8,80.4,8.33,8.28,4.05,3.758,.017,0,4.05,79,4.667,4.583
5,1999,123,2205,12.09,8.24,0,87.6,80.1,8.3,8.25,4.425,4.004,-.017,-.017,4.425,82.8,6.167,5.417
5,1999,123,2210,12.09,8.21,0,87.5,80,8.32,8.27,3.687,3.504,0,.033,3.687,80.3,4.208,4.458
5,1999,123,2215,12.09,8.2,0,87.5,79.9,8.31,8.26,4.608,4.379,.033,.033,4.608,79.9,6.167,5.875
5,1999,123,2220,12.09,8.18,0,87.6,80.2,8.35,8.3,4.454,4.129,.017,-.017,4.454,83,5.083,4.75
5,1999,123,2225,12.09,8.17,0,88.3,80.9,8.3,8.24,3.721,3.55,.033,.033,3.721,81.1,4.958,5.042
30,1999,123,2230,8.25,8.38,.089,.087
5,1999,123,2230,12.09,8.14,0,87.6,80.1,8.35,8.31,4.462,4.117,.083,-.05,4.462,82.1,5.167,4.667
5,1999,123,2235,12.09,8.12,0,87.5,80.1,8.36,8.31,3.733,3.425,.017,-.033,3.733,84.7,4.125,3.625
5,1999,123,2240,12.09,8.1,0,88.2,80.9,8.3,8.24,4.033,3.679,.05,-.017,4.033,85.4,4.417,3.917
5,1999,123,2245,12.09,8.07,0,88.5,80.9,8.18,8.12,4.567,4.154,0,.033,4.567,81.5,5,4.75
5,1999,123,2250,12.08,8.04,0,89.2,81.7,8.07,8,4.662,4.208,.033,.017,4.662,87.5,5.583,5.083
5,1999,123,2255,12.09,8,0,90.3,82.5,7.99,7.94,4.467,4.079,.067,0,4.467,89.6,5.417,4.958
30,1999,123,2300,8.01,8.16,.09,.091
60,1999,123,2300,12.09,8.12,0,88.4,80.9,8.23,8.18,4.272,3.937,.028,.001,4.272,83.4
5,1999,123,2300,12.08,7.96,0,91.5,83.7,7.95,7.89,4.442,4.012,.017,0,4.442,82.6,4.875,4.833
5,1999,123,2305,12.09,7.92,0,91.8,84,7.97,7.91,4.433,3.917,.033,.017,4.433,89.4,5.208,4.75
5,1999,123,2310,12.09,7.89,0,92.1,84,7.96,7.9,4.067,3.8,.033,0,4.067,85.4,5,4.667
5,1999,123,2315,12.09,7.85,0,92.1,84.1,7.95,7.9,3.546,3.158,.067,.017,3.546,80.2,4.333,3.875
5,1999,123,2320,12.08,7.82,0,92.8,84.8,7.85,7.79,3.137,2.808,-.017,0,3.137,80.5,4,3.708
5,1999,123,2325,12.08,7.77,0,92.7,84.7,7.84,7.78,3.271,2.983,0,.05,3.271,78.3,4,3.5
30,1999,123,2330,7.71,7.87,.099,.094
5,1999,123,2330,12.08,7.72,0,93,84.8,7.63,7.56,2.858,2.479,.033,0,2.858,79.1,3.417,3.083
5,1999,123,2335,12.08,7.65,0,93.7,85.5,7.49,7.43,2.879,2.596,.067,0,2.879,81.2,3.833,3.458
5,1999,123,2340,12.08,7.57,0,94,85.7,7.42,7.36,2.775,2.404,.05,0,2.775,77.1,3.292,2.917
5,1999,123,2345,12.08,7.49,0,95,86.6,7.41,7.35,2.704,2.437,.067,0,2.704,80,3,2.792
5,1999,123,2350,12.08,7.42,0,95.2,86.8,7.47,7.42,2.521,2.333,0,.017,2.521,83.9,3.125,2.667
5,1999,123,2355,12.08,7.37,0,95,86.4,7.52,7.47,2.742,2.304,.05,.05,2.742,81.5,3.333,2.875
30,1999,124,0,7.32,7.53,.102,.097
60,1999,124,0,12.08,7.65,0,93.5,85.3,7.66,7.61,3.105,2.772,.035,.015,3.105,81.2
5,1999,124,0,12.08,7.32,0,95.1,86.6,7.46,7.41,2.325,2.042,.033,.033,2.325,77.3,3.125,2.75
5,1999,124,5,12.08,7.28,0,95.3,86.6,7.44,7.39,2.658,2.387,.017,.033,2.658,74.9,3.167,2.792
5,1999,124,10,12.08,7.24,0,95.7,87.2,7.45,7.41,2.633,2.258,.017,-.017,2.633,78.2,3.25,2.875
5,1999,124,15,12.08,7.2,0,95.4,86.6,7.52,7.49,2.067,1.937,.017,0,2.067,75.5,3.042,2.792
5,1999,124,20,12.08,7.17,0,95.2,86.6,7.56,7.53,2.258,1.896,.017,.017,2.258,79.2,2.625,2.25
5,1999,124,25,12.08,7.15,0,95.2,86.6,7.53,7.49,2.404,2.104,0,0,2.404,75.1,2.667,2.5
30,1999,124,30,7.41,7.64,.11,.097
5,1999,124,30,12.08,7.13,0,95.1,86.3,7.59,7.57,2.633,2.45,0,.017,2.633,69.9,2.958,2.75
5,1999,124,35,12.08,7.12,0,94.6,85.8,7.71,7.69,2.712,2.717,.033,-.017,2.712,71.5,3.042,3.292
5,1999,124,40,12.08,7.14,0,93.4,84.8,7.78,7.77,3.254,3.35,.017,.017,3.254,67.07,4.125,4.167
5,1999,124,45,12.08,7.17,0,92.5,83.9,7.92,7.89,3.208,3.192,-.033,.05,3.208,66.68,3.917,3.875
5,1999,124,50,12.08,7.21,0,92.7,84.3,8,7.96,3.387,3.367,-.033,.083,3.387,65.32,4.042,4.167
5,1999,124,55,12.08,7.26,0,92.4,83.9,8.07,8.02,3.875,3.867,0,.05,3.875,62.63,4.542,4.5
30,1999,124,100,7.9,8.01,.079,.074
60,1999,124,100,12.08,7.2,0,94.1,85.5,7.73,7.69,2.949,2.805,.007,.021,2.949,71
5,1999,124,100,12.08,7.32,0,91.9,83.6,8.14,8.11,4.292,4.133,.033,.017,4.292,65.73,4.75,4.625
5,1999,124,105,12.08,7.37,0,91.6,83.6,8.13,8.09,4.15,3.996,.017,.05,4.15,69.83,5.25,5.375
5,1999,124,110,12.08,7.41,0,92.2,84.2,8.08,8.02,3.7,3.329,.033,0,3.7,76.8,4.333,3.833
5,1999,124,115,12.08,7.42,0,92.1,83.7,7.98,7.94,3.696,3.529,.083,-.017,3.696,76.8,4.958,4.792
5,1999,124,120,12.08,7.42,0,92.2,84.1,7.91,7.86,3.554,3.192,.033,0,3.554,78,4.917,4.25
5,1999,124,125,12.08,7.4,0,93.3,85.2,7.81,7.75,3.492,3.221,.067,.017,3.492,77.7,4.042,3.917
30,1999,124,130,7.81,7.94,.096,.094
5,1999,124,130,12.08,7.37,0,93.4,85.2,7.77,7.72,3.604,3.279,.017,.017,3.604,87.1,5,4.917
5,1999,124,135,12.08,7.34,0,93.2,85,7.83,7.78,3.704,3.408,.017,-.017,3.704,82.5,4.5,4.208
5,1999,124,140,12.08,7.32,0,93.4,85,7.83,7.77,3.837,3.533,.033,0,3.837,83.4,5.083,4.833
5,1999,124,145,12.08,7.31,0,93,84.8,7.86,7.81,4.354,3.858,.017,.033,4.354,83.8,5.042,4.75
5,1999,124,150,12.08,7.3,0,93.1,84.9,7.83,7.77,4.079,3.85,0,.033,4.079,82.7,4.583,4.292
5,1999,124,155,12.08,7.29,0,93.1,84.8,7.82,7.78,4.129,3.829,.05,.033,4.129,78.1,5.25,5.042
30,1999,124,200,7.76,7.9,.082,.08
60,1999,124,200,12.08,7.35,0,92.8,84.6,7.89,7.84,3.905,3.596,.029,.011,3.905,80
5,1999,124,200,12.08,7.29,0,93.4,85.2,7.85,7.79,4.554,4.125,-.017,-.017,4.554,83.1,5.208,4.792
5,1999,124,205,12.08,7.29,0,93.7,85.3,7.78,7.73,4.175,3.808,-.017,.033,4.175,81.4,5.167,4.875
5,1999,124,210,12.08,7.28,0,93.8,85.5,7.8,7.75,4.079,3.737,.033,.033,4.079,80.4,4.792,4.417
5,1999,124,215,12.08,7.28,0,93.4,85.2,7.85,7.81,4.454,4.104,.017,.017,4.454,82.2,4.917,4.542
5,1999,124,220,12.08,7.29,0,93.2,85.1,7.89,7.85,4.217,3.867,0,.017,4.217,79.2,5.167,4.75
5,1999,124,225,12.08,7.3,0,93.1,85,7.9,7.86,4.592,4.337,.067,.017,4.592,81.9,5.833,5.75
30,1999,124,230,7.78,7.9,.081,.082
5,1999,124,230,12.08,7.31,0,93.1,85.1,7.87,7.82,4.65,4.292,.033,0,4.65,85.3,5.875,5.417
5,1999,124,235,12.08,7.31,0,92.8,84.8,7.84,7.78,4.229,3.929,.067,0,4.229,88.7,5.375,4.708
5,1999,124,240,12.08,7.3,0,93.1,84.9,7.83,7.77,4.446,3.921,.05,.017,4.446,81.9,5.5,5
5,1999,124,245,12.08,7.29,0,93.4,85.2,7.75,7.7,4.183,3.842,.033,0,4.183,80.2,5.167,4.5
5,1999,124,250,12.08,7.27,0,93.4,84.9,7.7,7.66,4.183,4.042,.033,-.033,4.183,78.6,5.042,5.042
5,1999,124,255,12.08,7.26,0,93.1,85,7.73,7.68,4.125,4.071,-.067,.05,4.125,77.6,4.75,4.542
30,1999,124,300,7.69,7.82,.086,.081
60,1999,124,300,12.08,7.28,0,93.2,85.1,7.82,7.76,4.29,3.981,.025,.011,4.29,81.4
5,1999,124,300,12.08,7.24,0,93,84.7,7.82,7.77,4.146,3.817,.05,-.017,4.146,79.2,4.875,4.708
5,1999,124,305,12.08,7.23,0,93.1,84.9,7.81,7.76,4.271,3.983,.017,.017,4.271,80.6,5.125,5.333
5,1999,124,310,12.08,7.23,0,93.1,85.1,7.85,7.8,4.346,3.992,.033,.067,4.346,82.1,5.333,5.333
5,1999,124,315,12.08,7.23,0,93.4,85,7.77,7.72,3.996,3.787,-.033,0,3.996,85.1,5.042,5.167
5,1999,124,320,12.08,7.22,0,93.4,85.3,7.75,7.69,4.008,3.696,0,.05,4.008,84,4.708,4.875
5,1999,124,325,12.08,7.21,0,94,85.9,7.74,7.69,4.35,3.946,.033,.017,4.35,81.8,5.167,4.583
30,1999,124,330,7.7,7.83,.102,.089
5,1999,124,330,12.07,7.2,0,94.3,86.1,7.77,7.71,4.454,4,.033,0,4.454,78,5.583,5.375
5,1999,124,335,12.08,7.21,0,93.5,85.2,7.89,7.86,4.737,4.417,.067,.033,4.737,83.8,5.583,5.25
5,1999,124,340,12.08,7.22,0,93,84.9,7.98,7.93,5.054,4.642,.017,0,5.054,84.8,6.458,5.75
5,1999,124,345,12.08,7.25,0,93.2,85.3,7.97,7.92,4.654,4.229,0,.067,4.654,83.4,5.208,4.708
5,1999,124,350,12.08,7.27,0,93.7,85.7,7.87,7.82,4.579,4.117,.017,0,4.579,85.5,6.083,5.833
5,1999,124,355,12.08,7.27,0,94.2,86.1,7.81,7.75,4.083,3.775,.05,.033,4.083,87.5,5.125,4.792
30,1999,124,400,7.81,7.93,.072,.067
60,1999,124,400,12.08,7.23,0,93.6,85.5,7.83,7.78,4.41,4.047,.021,.024,4.41,83.4
5,1999,124,400,12.07,7.27,0,94.4,86.2,7.78,7.73,4.387,3.975,.017,0,4.387,84.5,5.125,4.542
5,1999,124,405,12.08,7.26,0,94.8,86.3,7.77,7.71,4.462,4.079,.033,0,4.462,83.2,5.458,5.042
5,1999,124,410,12.08,7.24,0,95.1,86.7,7.72,7.67,4.221,3.771,-.05,.05,4.221,86.7,4.875,4.333
5,1999,124,415,12.08,7.23,0,95.3,86.6,7.72,7.68,5.083,4.775,.067,-.017,5.083,84.7,5.583,5.458
5,1999,124,420,12.08,7.21,0,94.9,86.4,7.71,7.66,4.725,4.146,.017,.017,4.725,82.7,5.208,4.625
5,1999,124,425,12.08,7.2,0,95.3,86.7,7.7,7.65,4.746,4.442,.083,.017,4.746,84.1,5.458,5.25
30,1999,124,430,7.65,7.78,.079,.075
5,1999,124,430,12.07,7.19,0,94.9,86.4,7.77,7.72,4.604,4.221,.233,0,4.604,83.1,4.958,4.917
5,1999,124,435,12.07,7.19,0,95,86.5,7.79,7.74,4.562,4.208,.467,.067,4.562,88.6,5.792,5.292
5,1999,124,440,12.07,7.19,0,95.4,87.1,7.82,7.76,4.825,4.5,1.1,.05,4.825,80.1,5.833,5.375
5,1999,124,445,12.07,7.19,0,95.5,86.9,7.89,7.84,4.633,4.412,2.367,-.033,4.633,79,6.125,5.875
5,1999,124,450,12.07,7.21,0,95.7,87.2,7.9,7.85,4.817,4.433,4.101,.017,4.817,76.2,5.583,5.125
5,1999,124,455,12.07,7.23,0,96,87.2,7.96,7.9,5.183,4.671,5.284,-.05,5.183,78.9,6.167,5.625
30,1999,124,500,7.84,7.96,.079,.075
60,1999,124,500,12.07,7.21,0,95.3,86.8,7.82,7.76,4.786,4.394,1.602,.014,4.786,82.6
5,1999,124,500,12.07,7.25,0,95.9,87.1,8.05,7.99,5.571,5.075,5.518,.05,5.571,84.4,6.667,6.125
5,1999,124,505,12.07,7.28,0,95.9,87.2,8.08,8.01,5.129,4.746,7.3,.033,5.129,76.1,5.833,5.333
5,1999,124,510,12.07,7.32,0,95.9,87.4,8.11,8.05,4.688,4.325,11.07,.033,4.688,82,6.292,6
5,1999,124,515,12.07,7.35,0,96.2,87.4,8.13,8.07,4.837,4.45,15.89,.017,4.837,77.5,5.917,5.458
5,1999,124,520,12.07,7.38,0,96.2,87.8,8.17,8.12,4.567,4.329,20.17,.033,4.567,84.3,5.292,5.458
5,1999,124,525,12.07,7.41,0,96.3,87.7,8.21,8.15,4.842,4.4,24.97,.033,4.842,85.4,5.375,4.917
30,1999,124,530,8.09,8.2,.073,.068
5,1999,124,530,12.07,7.45,0,96.3,87.8,8.27,8.2,5.192,4.737,37.26,.033,5.192,87.5,6.917,6.667
5,1999,124,535,12.07,7.49,0,96.2,87.6,8.34,8.28,5.55,5.15,51.36,.033,5.55,83.7,7,6.292
5,1999,124,540,12.07,7.56,0,95.8,87.1,8.44,8.38,5.383,4.967,58.89,.033,5.383,90.2,6.667,6.333
5,1999,124,545,12.07,7.64,0,95.5,86.9,8.54,8.49,5.729,5.229,69.11,-.017,5.729,83.4,6.875,6.042
5,1999,124,550,12.07,7.73,0,95.4,86.9,8.61,8.54,5.45,5.017,55.03,0,5.45,91.4,7.21,6.458
5,1999,124,555,12.08,7.8,0,95.5,87.1,8.63,8.57,5.492,5.037,61.36,.017,5.492,85.4,6.833,6.542
30,1999,124,600,8.48,8.61,.043,.042
60,1999,124,600,12.07,7.52,0,95.9,87.3,8.35,8.29,5.184,4.78,40.62,.021,5.184,84.4
5,1999,124,600,12.07,7.87,0,95.7,87.1,8.65,8.58,5.346,4.975,75,0,5.346,86.4,6.042,5.792
5,1999,124,605,12.07,7.93,0,95.3,86.8,8.71,8.66,6.146,5.579,91.7,0,6.146,92.8,7.79,6.792
5,1999,124,610,12.08,8.01,0,94.8,86.3,8.79,8.74,6.512,6.029,95,-.05,6.512,83.8,7.58,7.21
5,1999,124,615,12.07,8.09,0,94.9,86.5,8.83,8.77,5.429,4.987,92.6,.017,5.429,80,6.25,5.833
5,1999,124,620,12.07,8.15,0,94.6,86.2,8.86,8.79,6.117,5.604,113,.05,6.117,80.5,7.21,6.208
5,1999,124,625,12.07,8.22,0,94,85.7,8.95,8.88,6.004,5.479,142.4,-.033,6.004,86.3,7.79,6.833
30,1999,124,630,8.87,8.94,.046,.041
5,1999,124,630,12.07,8.3,0,93.4,85.3,9.06,8.98,6.358,6.067,159.3,-.017,6.358,85.4,7.5,7.12
5,1999,124,635,12.07,8.4,0,92.8,84.7,9.17,9.09,6.112,5.629,192.4,0,6.112,87.8,7.46,6.75
5,1999,124,640,12.07,8.51,0,92,84.2,9.31,9.22,5.887,5.554,206.5,-.017,5.887,91.4,7.12,6.667
5,1999,124,645,12.07,8.62,0,91,83.2,9.4,9.31,6.812,6.146,208.8,.033,6.812,90.8,8.42,7.58
5,1999,124,650,12.08,8.74,0,90.5,82.8,9.4,9.31,6.9,6.396,152.3,.067,6.9,89.5,8.04,7.46
5,1999,124,655,12.08,8.82,0,90.8,83.1,9.35,9.26,7.15,6.571,190.1,.067,7.15,82.7,8.46,7.58
30,1999,124,700,9.46,9.36,.081,.07
60,1999,124,700,12.07,8.39,0,92.9,84.8,9.1,9.03,6.432,5.933,154.9,.013,6.432,86.8
5,1999,124,700,12.08,8.89,0,90.8,83.1,9.39,9.3,7.75,7.16,214.8,.033,7.75,90.3,9,8.04
5,1999,124,705,12.08,8.95,0,91.1,83.5,9.42,9.33,7.35,6.821,190.9,.05,7.35,89.4,8.42,7.75
5,1999,124,710,12.08,9.01,0,91.2,83.5,9.43,9.35,6.754,6.279,182.5,.033,6.754,94.6,7.58,6.583
5,1999,124,715,12.08,9.06,0,91.2,83.5,9.49,9.4,6.662,6.075,204.6,-.017,6.662,93.9,7.29,6.75
5,1999,124,720,12.08,9.11,0,90.6,83.1,9.59,9.5,7.31,6.754,224,-.017,7.31,92.7,8.08,7.37
5,1999,124,725,12.08,9.18,0,90.5,82.8,9.65,9.56,7.1,6.621,210.9,-.017,7.1,88.4,8.87,8.54
30,1999,124,730,9.66,9.56,.095,.095
5,1999,124,730,12.08,9.25,0,90.1,82.5,9.65,9.56,7,6.471,234.4,.017,7,85.3,7.92,7.46
5,1999,124,735,12.08,9.31,0,89.6,82.1,9.75,9.65,6.625,6.362,228.7,0,6.625,91.6,7.46,7.17
5,1999,124,740,12.08,9.37,0,89.4,81.9,9.76,9.67,8.04,7.52,261.8,.033,8.04,99.4,8.92,8.33
5,1999,124,745,12.08,9.45,0,90.2,82.8,9.91,9.81,6.808,6.396,282.8,.017,6.808,93.6,7.62,7.37
5,1999,124,750,12.08,9.54,0,88.9,81.6,10,9.91,7.51,6.917,297.8,-.017,7.51,88,9.29,8.21
5,1999,124,755,12.08,9.63,0,89,81.7,10.01,9.92,8.01,7.52,306.1,.033,8.01,95.9,9.08,8.79
30,1999,124,800,10.07,9.93,.133,.146
60,1999,124,800,12.08,9.3,0,90,82.5,9.72,9.63,7.31,6.798,244.4,.012,7.31,92.6
5,1999,124,800,12.08,9.73,0,88.4,81.2,10.04,9.95,8.51,7.84,308.1,.033,8.51,97.7,9.08,8.37
5,1999,124,805,12.08,9.81,0,88.3,81.1,10.18,10.09,7.26,6.804,374,.017,7.26,93.4,8.62,7.87
5,1999,124,810,12.08,9.91,0,86.4,79.2,10.3,10.2,7.55,7.15,378.8,0,7.55,93.5,8.62,8.17
5,1999,124,815,12.08,10.02,0,86.4,79.4,10.4,10.3,6.767,6.308,335.9,.033,6.767,93.7,7.25,6.958
5,1999,124,820,12.08,10.12,0,84.7,77.9,10.28,10.19,7.91,7.37,300.7,0,7.91,89,8.96,8.75
5,1999,124,825,12.08,10.18,0,85.7,78.8,10.34,10.25,6.396,6.092,274.4,.05,6.396,89.3,7.33,6.875
30,1999,124,830,10.52,10.33,.173,.176
5,1999,124,830,12.08,10.22,0,83.4,76.7,10.34,10.24,7.47,6.887,350.2,.067,7.47,88.6,8.75,7.87
5,1999,124,835,12.08,10.26,0,81.7,75.3,10.52,10.42,7.35,6.842,351.1,.017,7.35,86.2,8.87,8.08
5,1999,124,840,12.08,10.33,0,79.3,73.1,10.63,10.52,7.27,6.758,398.6,-.017,7.27,88.8,8.29,7.54
5,1999,124,845,12.08,10.42,0,77.4,71.6,10.8,10.69,7.24,6.862,360.4,.017,7.24,86.7,8.25,7.58
5,1999,124,850,12.08,10.52,0,75.5,69.69,10.83,10.73,6.925,6.417,404.8,.033,6.925,91.7,8.17,7.54
5,1999,124,855,12.08,10.62,0,76.8,71.2,11.08,10.95,7.12,6.7,505,.05,7.12,87.2,7.83,7.37
30,1999,124,900,11.12,10.89,.208,.218
60,1999,124,900,12.08,10.27,0,81.7,75.3,10.58,10.48,7.19,6.731,372.5,.024,7.19,90.5
5,1999,124,900,12.08,10.76,0,74.9,69.29,11.24,11.12,7.06,6.579,435.9,.017,7.06,97.4,8.54,8
5,1999,124,905,12.08,10.9,0,73.9,68.5,11.1,10.99,7.19,6.85,356.6,.017,7.19,85.1,9.25,8.87
5,1999,124,910,12.08,10.99,0,74.3,68.8,11.1,11,6.5,6.112,302,.067,6.5,91.8,8.04,7.54
5,1999,124,915,12.08,11.08,0,73.8,68.3,11.09,11,6.854,6.492,355.8,0,6.854,91.4,7.79,7.33
5,1999,124,920,12.08,11.49,0,73.6,68.06,11.18,11.08,6.867,6.404,367.4,0,6.867,97.2,7.67,6.917
5,1999,124,925,12.08,11.81,0,74.1,68.68,11.19,11.09,6.696,6.175,342.6,-.017,6.696,94,7.62,6.875
30,1999,124,930,11.35,11.15,.202,.201
5,1999,124,930,12.07,12.07,0,72.9,67.48,11.28,11.18,6.683,6.333,500.8,0,6.683,94.4,8.29,7.75
5,1999,124,935,12.07,12.43,0,72.6,67.3,11.61,11.48,6.062,5.696,607.4,.017,6.062,88.6,7.04,6.5
5,1999,124,940,12.07,12.84,0,70.5,65.1,11.97,11.76,6.925,6.662,715,.017,6.925,93.8,8.04,7.96
5,1999,124,945,12.07,12.98,0,70.5,65.79,11.92,11.7,7.7,7.22,583.7,-.033,7.7,94.2,8.75,8.17
5,1999,124,950,12.08,12.96,0,72.6,67.38,11.73,11.61,6.962,6.354,516.5,0,6.962,89.5,7.71,7.08
5,1999,124,955,12.08,12.83,0,73.4,68.07,11.78,11.66,7.06,6.537,469.2,0,7.06,102,7.67,7.21
30,1999,124,1000,12.06,11.73,.305,.285
60,1999,124,1000,12.08,12.08,0,72.8,67.5,11.46,11.34,6.907,6.481,463.3,.007,6.907,93.3
5,1999,124,1000,12.09,12.64,0,71.8,66.53,11.61,11.51,7.39,6.937,442.2,.017,7.39,97.1,8.04,7.42
5,1999,124,1005,12.09,12.5,0,71.7,66.35,11.7,11.59,7.04,6.621,539.5,0,7.04,91.4,8.37,8.17
5,1999,124,1010,12.09,12.43,0,71,65.9,12.05,11.93,6.958,6.479,654.9,0,6.958,87.8,8.04,7.42
5,1999,124,1015,12.09,12.47,0,70.4,65.45,12.43,12.28,6.412,6.008,633.1,.017,6.412,84.1,7.37,7.54
5,1999,124,1020,12.09,12.56,0,68.77,64.04,12.15,12.02,7.3,6.75,455.2,.017,7.3,86.6,7.92,7.29
5,1999,124,1025,12.09,12.61,0,68.76,63.6,11.96,11.84,7.15,6.654,455.2,0,7.15,94.5,8.29,7.5
30,1999,124,1030,12.37,12.05,.34,.325
5,1999,124,1030,12.09,12.62,0,69.22,64.22,12,11.88,6.967,6.529,424.2,.017,6.967,86.5,8.08,7.5
5,1999,124,1035,12.09,12.61,0,68.4,63.53,12.03,11.92,7.55,6.979,540.5,0,7.55,86.6,8.54,7.83
5,1999,124,1040,12.09,12.61,0,69.03,64.09,12.3,12.17,7.27,6.829,613.8,0,7.27,88.4,8.12,7.62
5,1999,124,1045,12.09,12.68,0,65.66,61.14,12.52,12.39,6.242,5.867,595.6,0,6.242,82.1,7.62,7.29
5,1999,124,1050,12.09,12.78,0,64.08,59.4,12.7,12.55,7.3,6.892,665,0,7.3,82.1,8.83,8.33
5,1999,124,1055,12.09,12.9,0,63.94,59.49,12.91,12.76,6.954,6.562,671.4,0,6.954,99.4,8.04,7.92
30,1999,124,1100,12.96,12.63,.34,.33
60,1999,124,1100,12.09,12.65,0,67.95,63.1,12.31,12.18,7.03,6.579,572,.004,7.03,87.9
5,1999,124,1100,12.09,13.05,0,64.44,59.95,12.98,12.85,7.23,6.775,615.8,0,7.23,85.9,9.08,8.37
5,1999,124,1105,12.09,13.18,0,68.4,63.68,12.99,12.83,6.237,5.958,649.7,0,6.237,76.6,8.33,7.29
5,1999,124,1110,12.09,13.28,0,68.1,63.48,12.97,12.79,5.117,5.117,648.1,0,5.117,65.11,6.875,6.792
5,1999,124,1115,12.09,13.37,0,68.66,64.14,13.03,12.82,5.617,5.5,691.6,0,5.617,74.5,7.37,6.583
5,1999,124,1120,12.09,13.46,0,68.43,63.89,13.29,13.07,4.842,4.821,781,0,4.842,71.6,6.458,6.167
5,1999,124,1125,12.09,13.59,0,76,71.5,13.23,12.95,4.367,4.608,660.3,0,4.367,56.04,5.25,5.375
30,1999,124,1130,13.33,13.03,.421,.402
5,1999,124,1130,12.09,13.7,0,79.1,74,12.81,12.54,4.971,5.079,704,-.017,4.971,67.03,5.875,5.833
5,1999,124,1135,12.09,13.72,0,82.1,76.5,12.42,12.15,5.154,5.292,705,0,5.154,62.04,5.708,5.875
5,1999,124,1140,12.09,13.69,0,82.4,76.6,12.36,12.11,5.342,5.429,782,0,5.342,62.55,6.708,6.417
5,1999,124,1145,12.1,13.66,0,81.7,76.1,12.5,12.24,4.996,5.108,782,0,4.996,66.53,6.917,6.208
5,1999,124,1150,12.09,13.67,0,81.8,76.2,12.66,12.41,4.808,4.9,766,0,4.808,69.32,6.292,5.917
5,1999,124,1155,12.09,13.71,0,81.1,75.7,12.62,12.38,5.279,5.433,780,-.017,5.279,66.37,6.625,6.667
30,1999,124,1200,12.82,12.53,.397,.368
60,1999,124,1200,12.09,13.56,0,76.6,71.4,12.77,12.54,5.175,5.252,729,-.004,5.175,66.76
5,1999,124,1200,12.09,13.72,0,81.2,75.5,12.38,12.13,5.375,5.779,801,-.017,5.375,63.46,6.542,7.08
5,1999,124,1205,12.1,13.69,0,81.4,75.7,12.44,12.2,5.304,5.475,828,-.017,5.304,66.36,6.083,6.417
5,1999,124,1210,12.1,13.68,0,81.4,75.8,12.51,12.27,5.05,5.404,814,-.017,5.05,62.46,6.708,6.667
5,1999,124,1215,12.1,13.7,0,82.5,76.9,12.72,12.47,4.742,4.896,817,0,4.742,62.59,5.958,5.917
5,1999,124,1220,12.1,13.74,0,82,76.5,12.72,12.44,5.025,5.283,767,-.017,5.025,60.5,6.208,6.25
5,1999,124,1225,12.1,13.75,0,83.4,77.6,12.28,12.05,5.483,5.808,643.3,-.017,5.483,75.7,6.75,7.46
30,1999,124,1230,12.86,12.59,.449,.422
5,1999,124,1230,12.1,13.71,0,84.1,77.9,12.22,12.02,4.696,4.767,572.4,-.017,4.696,66.88,5.708,5.875
5,1999,124,1235,12.1,13.64,0,84.3,78.3,12.13,11.93,5.046,5.354,639.9,0,5.046,61.39,6.542,6.417
5,1999,124,1240,12.1,13.57,0,83.5,77.6,12.24,12.04,4.775,5.029,705,-.033,4.775,64.73,6.292,6.833
5,1999,124,1245,12.1,13.52,0,83.8,77.7,12.2,11.99,4.758,5.304,696.9,-.017,4.758,62.69,5.958,6.917
5,1999,124,1250,12.1,13.49,0,83.7,77.7,12.26,12.04,4.708,4.975,640.8,-.017,4.708,64,5.417,5.875
5,1999,124,1255,12.1,13.47,0,82.8,76.8,12.25,12.04,4.954,5.2,568.8,0,4.954,59.43,5.792,6.292
30,1999,124,1300,12.51,12.29,.376,.372
60,1999,124,1300,12.1,13.62,0,83.1,77.2,12.33,12.1,4.967,5.251,691.6,-.012,4.967,63.96
5,1999,124,1300,12.1,13.43,0,84,77.9,11.96,11.76,5.058,5.517,606.1,0,5.058,60.92,6.083,6.792
5,1999,124,1305,12.1,13.36,0,83.6,77.4,12.09,11.91,5.054,5.45,579.8,-.017,5.054,69.55,6.25,6.625
5,1999,124,1310,12.1,13.32,0,83,77.1,12.21,12,5.017,5.392,749,0,5.017,63.96,6.458,6.208
5,1999,124,1315,12.1,13.33,0,81.7,76,12.44,12.21,4.95,5.325,767,-.033,4.95,59.65,5.875,6.292
5,1999,124,1320,12.1,13.38,0,80.9,75.4,12.6,12.36,4.583,4.929,768,0,4.583,52.44,5.542,5.917
5,1999,124,1325,12.1,13.46,0,80.4,74.9,12.73,12.46,4.95,4.983,846,0,4.95,64.16,5.333,5.708
30,1999,124,1330,12.92,12.7,.42,.397
5,1999,124,1330,12.1,13.56,0,79.7,74.5,12.72,12.46,4.917,5.275,785,-.017,4.917,59.03,5.5,6.5
5,1999,124,1335,12.1,13.66,0,79.5,74.2,12.7,12.46,4.667,4.925,498.5,-.017,4.667,56.92,5.542,6.042
5,1999,124,1340,12.1,13.7,0,79.7,74.1,12.51,12.28,4.946,5.267,752,0,4.946,61.2,6.125,6.417
5,1999,124,1345,12.1,13.7,0,78.8,73.4,12.61,12.37,5.246,5.479,741,0,5.246,54.25,5.958,6.333
5,1999,124,1350,12.1,13.71,0,78.4,73.1,12.63,12.39,5.496,5.712,743,.017,5.496,60.89,6.583,6.625
5,1999,124,1355,12.1,13.73,0,78.9,73.6,12.55,12.32,5.321,5.517,643.2,-.017,5.321,56.59,5.917,6.292
30,1999,124,1400,12.86,12.7,.363,.348
60,1999,124,1400,12.1,13.55,0,80.3,74.8,12.52,12.29,5.054,5.327,712,-.01,5.054,59.82
5,1999,124,1400,12.1,13.73,0,79.1,73.6,12.5,12.28,5.5,5.671,673.9,-.033,5.5,59.03,6.458,6.667
5,1999,124,1405,12.1,13.72,0,79.4,73.8,12.53,12.32,5.154,5.267,667.3,0,5.154,61.56,7,6.667
5,1999,124,1410,12.1,13.73,0,78.4,72.9,12.74,12.52,4.829,5.096,735,0,4.829,64.76,5.625,6.042
5,1999,124,1415,12.1,13.76,0,77.8,72.7,12.9,12.66,4.621,4.637,701,0,4.621,61.13,5.542,5.792
5,1999,124,1420,12.1,13.83,0,76.9,72,12.86,12.61,5.233,5.654,694.3,0,5.233,56.5,6.042,6.75
5,1999,124,1425,12.1,13.86,0,77.6,72.2,12.67,12.47,5.225,5.429,683.4,-.017,5.225,52.6,6.458,6.25
30,1999,124,1430,13.08,12.91,.425,.384
5,1999,124,1430,12.1,13.87,0,77,71.7,12.61,12.41,5.792,6.021,679.1,0,5.792,60.32,7.62,7.54
5,1999,124,1435,12.1,13.87,0,76.8,71.3,12.77,12.58,5.242,5.662,621.3,0,5.242,57.86,6.708,6.875
5,1999,124,1440,12.1,13.86,0,76.7,71.4,12.48,12.29,5.475,5.875,640.7,0,5.475,58.32,6.083,7
5,1999,124,1445,12.1,13.82,0,77.1,71.8,12.44,12.26,5.608,5.971,638.8,0,5.608,55.4,6.583,7.21
5,1999,124,1450,12.1,13.79,0,76.7,71.4,12.57,12.37,5.383,5.65,631.1,.017,5.383,54.52,7.37,7.92
5,1999,124,1455,12.1,13.77,0,77.3,71.9,12.53,12.35,5.575,5.896,591.2,0,5.575,57.37,6.458,6.792
30,1999,124,1500,12.88,12.73,.334,.322
60,1999,124,1500,12.1,13.8,0,77.4,72.1,12.64,12.43,5.306,5.586,655.6,-.001,5.306,58.27
5,1999,124,1500,12.1,13.76,0,77.1,71.7,12.55,12.37,5.529,5.875,584.1,-.017,5.529,58.75,6.208,6.583
5,1999,124,1505,12.1,13.73,0,77.7,72.1,12.43,12.26,5.517,5.808,535,-.017,5.517,57.78,6.708,7.12
5,1999,124,1510,12.1,13.7,0,78,72.5,12.41,12.23,5.571,5.862,530.6,-.017,5.571,60.86,7.33,7.5
5,1999,124,1515,12.1,13.66,0,77.1,71.6,12.56,12.39,5.458,5.65,545.6,0,5.458,52.6,7.08,7.25
5,1999,124,1520,12.1,13.65,0,76,70.8,12.65,12.48,5.575,5.925,546.8,0,5.575,54.78,7.12,7.33
5,1999,124,1525,12.1,13.65,0,76,70.6,12.57,12.4,5.9,6.225,580.3,0,5.9,67.01,6.917,7.25
30,1999,124,1530,12.91,12.76,.364,.339
5,1999,124,1530,12.1,13.65,0,75.5,70.3,12.68,12.5,5.979,6.142,552.2,-.017,5.979,58.74,7.37,7.71
5,1999,124,1535,12.1,13.67,0,74.6,69.36,12.88,12.69,5.937,6.175,556.1,0,5.937,69.94,6.917,7.25
5,1999,124,1540,12.1,13.7,0,74.8,69.56,12.76,12.57,5.892,6.171,552.3,0,5.892,64.46,7.54,7.5
5,1999,124,1545,12.1,13.71,0,75,69.75,12.64,12.47,6.379,6.554,547.5,.017,6.379,71,7.96,7.33
5,1999,124,1550,12.1,13.71,0,74.5,69.26,12.78,12.61,6.55,6.633,535.9,-.017,6.55,68.47,7.71,7.83
5,1999,124,1555,12.1,13.72,0,73.6,68.59,12.92,12.73,6.146,6.117,532.6,-.017,6.146,63.12,7,6.667
30,1999,124,1600,13.11,12.95,.311,.299
60,1999,124,1600,12.1,13.69,0,75.5,70.3,12.67,12.5,5.903,6.126,542.1,-.007,5.903,62.35
5,1999,124,1600,12.1,13.74,0,73.8,68.77,12.81,12.61,5.937,6.246,490.5,-.017,5.937,59.15,7.17,7.33
5,1999,124,1605,12.1,13.74,0,74.4,69.08,12.72,12.54,6.379,6.583,476.1,-.017,6.379,70.2,9.08,9.21
5,1999,124,1610,12.1,13.72,0,74.7,69.41,12.6,12.43,6.667,6.717,423.5,.017,6.667,63.59,8.04,7.96
5,1999,124,1615,12.1,13.67,0,75.9,70.4,12.47,12.32,6.062,6.392,434.1,-.017,6.062,65.92,7,7.33
5,1999,124,1620,12.1,13.61,0,75.4,70.1,12.49,12.34,6.558,6.946,428.1,.017,6.558,67.62,8.12,8.12
5,1999,124,1625,12.1,13.55,0,75,69.65,12.52,12.37,6.604,6.833,401.5,0,6.604,58.93,8,8.71
30,1999,124,1630,12.82,12.67,.245,.254
5,1999,124,1630,12.1,13.51,0,76,70.7,12.47,12.31,6.004,6.342,410.9,0,6.004,59.76,7.58,8.29
5,1999,124,1635,12.1,13.46,0,76.2,70.6,12.44,12.28,6.192,6.271,387.2,0,6.192,57.02,7.08,7.5
5,1999,124,1640,12.1,13.43,0,76,70.5,12.46,12.3,6.162,6.337,384.2,0,6.162,60.82,7.08,7.21
5,1999,124,1645,12.1,13.4,0,76.1,70.5,12.47,12.31,5.912,6.171,373.6,0,5.912,66.46,6.667,6.708
5,1999,124,1650,12.1,13.37,0,75.8,70.4,12.46,12.3,6.117,6.454,354,-.033,6.117,64.38,6.917,7.08
5,1999,124,1655,12.1,13.34,0,76.6,71,12.36,12.2,6.037,6.337,303.2,0,6.037,65.7,7.04,7.5
30,1999,124,1700,12.63,12.49,.178,.17
60,1999,124,1700,12.1,13.51,0,75.8,70.3,12.48,12.31,6.213,6.464,389,-.001,6.213,63.97
5,1999,124,1700,12.1,13.3,0,77.2,71.5,12.23,12.09,5.858,6.183,291.9,.017,5.858,67.15,7.08,7.17
5,1999,124,1705,12.1,13.23,0,77.4,71.8,12.22,12.08,6.4,6.721,311.8,-.017,6.4,60.72,8.12,8.12
5,1999,124,1710,12.1,13.17,0,77.3,71.6,12.22,12.09,6.167,6.562,285.4,.05,6.167,61.95,7.37,7.75
5,1999,124,1715,12.1,13.11,0,77.6,71.9,12.11,11.98,6.092,6.612,217.2,0,6.092,61.46,7.08,7.79
5,1999,124,1720,12.1,13.04,0,78.5,72.7,12.03,11.91,6.029,6.258,213.8,0,6.029,63.45,7,7.08
5,1999,124,1725,12.1,12.96,0,78.9,73.1,12.04,11.9,5.842,6.087,267.4,-.017,5.842,55.06,6.625,6.75
30,1999,124,1730,12.26,12.16,.111,.112
5,1999,124,1730,12.1,12.89,0,79.7,73.8,11.97,11.83,6.567,6.862,232.6,0,6.567,63,7.21,7.62
5,1999,124,1735,12.1,12.83,0,80.2,74.2,11.97,11.83,6.171,6.537,280.3,.05,6.171,62.51,7.67,7.79
5,1999,124,1740,12.1,12.79,0,80,74,12.06,11.9,5.833,6.142,236.6,.017,5.833,64.07,6.875,7.12
5,1999,124,1745,12.1,12.76,0,79.7,73.6,11.98,11.85,6.358,6.6,205.3,.033,6.358,55.5,7.46,7.79
5,1999,124,1750,12.1,12.71,0,80.3,74.2,11.9,11.77,6.058,6.492,200.2,.033,6.058,63.48,7.71,8.12
5,1999,124,1755,12.1,12.66,0,80.6,74.6,11.89,11.77,5.762,5.971,179.2,-.033,5.762,62.03,6.708,6.667
30,1999,124,1800,12.11,12.01,.101,.096
60,1999,124,1800,12.1,12.9,0,79.2,73.3,12.02,11.89,6.102,6.416,236.1,.011,6.102,61.79
5,1999,124,1800,12.1,12.62,0,80.3,74.3,11.91,11.78,5.946,6.146,203.9,.017,5.946,68.31,7.04,7.25
5,1999,124,1805,12.1,12.57,0,79.9,73.9,11.96,11.82,5.904,6.246,215.8,.017,5.904,68.3,7.12,7.58
5,1999,124,1810,12.1,12.55,0,79.4,73.5,11.97,11.83,6.079,6.346,206.9,.017,6.079,63.19,7.29,7.67
5,1999,124,1815,12.1,12.53,0,79.2,73.4,12.01,11.87,5.917,6.137,195.2,0,5.917,57.55,6.417,7.04
5,1999,124,1820,12.1,12.52,0,79.6,73.8,11.97,11.83,5.817,6.058,185.2,.017,5.817,61.25,6.583,6.875
5,1999,124,1825,12.1,12.5,0,79.4,73.4,11.92,11.79,5.812,6.183,189.5,.033,5.812,64.44,7.04,7.67
30,1999,124,1830,12.13,12.03,.088,.082
5,1999,124,1830,12.1,12.48,0,78.7,72.9,11.97,11.82,5.717,6.079,191.1,0,5.717,65.62,6.875,7.12
5,1999,124,1835,12.1,12.47,0,78.2,72.5,12,11.85,5.887,6.079,180,-.017,5.887,70.6,7.29,7.29
5,1999,124,1840,12.1,12.46,0,77.3,71.5,11.99,11.86,5.921,6.05,151.8,0,5.921,64.89,7.25,7.17
5,1999,124,1845,12.1,12.45,0,76.7,71,11.91,11.8,5.887,6.1,116,0,5.887,65.57,6.708,6.917
5,1999,124,1850,12.1,12.41,0,76.2,70.4,11.82,11.73,6.05,6.212,105.2,.017,6.05,69.05,7.42,7.54
5,1999,124,1855,12.1,12.35,0,75.4,69.79,11.84,11.74,6.183,6.196,127.2,.033,6.183,63.15,6.833,6.958
30,1999,124,1900,12.03,11.95,.064,.057
60,1999,124,1900,12.1,12.47,0,77.8,72.1,11.94,11.81,5.994,6.203,166.3,.008,5.994,65.43
5,1999,124,1900,12.1,12.31,0,74.2,68.61,11.95,11.83,6.754,6.754,131.8,-.017,6.754,71.4,8.67,8.12
5,1999,124,1905,12.1,12.29,0,73.8,68.46,11.96,11.85,6.871,6.604,108.6,0,6.871,70.1,8.21,7.42
5,1999,124,1910,12.1,12.27,0,74.3,68.79,11.89,11.78,6.612,6.562,91.4,.017,6.612,68.28,8.67,7.96
5,1999,124,1915,12.1,12.24,0,74.4,68.7,11.83,11.74,7.07,7.08,77.2,.017,7.07,71.8,8.25,7.92
5,1999,124,1920,12.1,12.2,0,74.3,68.58,11.77,11.69,6.567,6.237,58.24,.017,6.567,70.8,8.67,8
5,1999,124,1925,12.1,12.15,0,74.4,68.7,11.76,11.68,5.904,5.846,48.06,.017,5.904,73.2,7.33,7.04
30,1999,124,1930,11.83,11.81,.043,.041
5,1999,124,1930,12.1,12.09,0,75.1,69.23,11.71,11.64,5.996,6.167,39.13,0,5.996,71.4,7.25,7.62
5,1999,124,1935,12.1,12.03,0,75.2,69.32,11.67,11.61,6.267,5.962,31.87,.033,6.267,75,7.71,6.958
5,1999,124,1940,12.1,11.96,0,75.5,69.49,11.65,11.59,6.221,6.017,25.54,.033,6.221,70,7.42,6.75
5,1999,124,1945,12.1,11.9,0,76.5,70.5,11.63,11.57,6.162,6.05,19.83,0,6.162,77.1,7.17,7.21
5,1999,124,1950,12.1,11.84,0,77.2,71,11.62,11.56,6.208,6.271,15.11,.033,6.208,64.94,6.958,6.958
5,1999,124,1955,12.09,11.79,0,77.9,71.6,11.63,11.58,5.996,5.779,11.38,-.017,5.996,73.5,7.5,6.958
30,1999,124,2000,11.58,11.64,.059,.051
60,1999,124,2000,12.1,12.04,0,75.6,69.75,11.72,11.65,6.307,6.178,44.56,.012,6.307,71.7
5,1999,124,2000,12.09,11.75,0,78.9,72.7,11.57,11.51,5.817,5.558,8.36,0,5.817,74.6,6.708,6.458
5,1999,124,2005,12.1,11.69,0,79,72.7,11.58,11.53,5.962,5.687,5.715,-.017,5.962,72,7.5,6.75
5,1999,124,2010,12.1,11.65,0,79.2,72.9,11.62,11.58,6.775,6.45,3.215,.05,6.775,72.7,7.79,7.29
5,1999,124,2015,12.1,11.62,0,79.6,73.3,11.66,11.61,6.192,5.987,1.816,.05,6.192,67.05,6.75,6.833
5,1999,124,2020,12.1,11.59,0,80.3,73.8,11.64,11.59,6.446,6.212,1.266,.033,6.446,75.3,7.25,7
5,1999,124,2025,12.1,11.57,0,81.6,75.1,11.56,11.52,5.629,5.537,.8,-.017,5.629,68.09,6.75,6.25
30,1999,124,2030,11.51,11.59,.068,.065
5,1999,124,2030,12.1,11.54,0,83,76.3,11.46,11.41,5.983,5.946,.65,-.017,5.983,65.17,6.917,6.667
5,1999,124,2035,12.1,11.5,0,83.9,77.2,11.36,11.32,6.242,6.058,.3,0,6.242,74.1,7,7.29
5,1999,124,2040,12.1,11.46,0,84.5,77.6,11.32,11.28,5.879,5.825,.2,-.017,5.879,73.5,6.583,6.542
5,1999,124,2045,12.1,11.42,0,85.6,78.7,11.29,11.24,5.2,5.117,.033,.033,5.2,61.58,6.042,5.833
5,1999,124,2050,12.09,11.37,0,87,79.9,11.17,11.11,5.112,5.258,-.017,.033,5.112,60.77,5.792,5.75
5,1999,124,2055,12.09,11.32,0,87,79.7,11.17,11.13,5.479,5.587,.067,.017,5.479,67.06,6.167,6.667
30,1999,124,2100,11.16,11.23,.051,.051
60,1999,124,2100,12.1,11.5,0,83.2,76.5,11.42,11.37,5.82,5.725,1.176,.015,5.82,69.07
5,1999,124,2100,12.09,11.28,0,87.5,80.3,11.2,11.15,4.938,5.033,.067,.033,4.938,71.4,6.042,5.958
5,1999,124,2105,12.09,11.24,0,88,80.6,11.17,11.13,4.733,4.758,.1,.017,4.733,65.92,5.208,5.333
5,1999,124,2110,12.09,11.2,0,88.7,81.3,11.13,11.08,5.679,5.479,.033,.017,5.679,67.15,6.708,6.417
5,1999,124,2115,12.09,11.16,0,88.1,80.5,11.19,11.16,5.508,5.358,0,-.033,5.508,70.7,6.75,6.542
5,1999,124,2120,12.09,11.14,0,88.6,81.3,11.22,11.18,5.142,4.862,.067,.017,5.142,73.9,6.542,6.083
5,1999,124,2125,12.09,11.12,0,89.9,82.3,11.11,11.06,4.45,4.183,.05,.05,4.45,70.8,5.25,4.833
30,1999,124,2130,11.06,11.16,.075,.079
5,1999,124,2130,12.09,11.08,0,89.6,81.8,11.07,11.04,5.333,4.796,0,0,5.333,76.6,6.667,6.083
5,1999,124,2135,12.09,11.05,0,84.1,76.8,11.4,11.39,7.04,6.537,.017,.017,7.04,77.5,9.33,8.33
5,1999,124,2140,12.09,11.05,0,78.4,72,11.8,11.77,8.74,7.94,.083,0,8.74,78.2,10,9
5,1999,124,2145,12.09,11.1,0,76.6,70.6,11.88,11.83,8.02,7.35,.083,0,8.02,83.1,9.04,8.33
5,1999,124,2150,12.09,11.16,0,75.2,69.26,11.9,11.86,9,8.34,.067,-.017,9,82.6,10.83,9.87
5,1999,124,2155,12.09,11.22,0,74.5,68.52,11.86,11.82,8.95,8.24,.05,0,8.95,84,10.87,9.71
30,1999,124,2200,11.76,11.86,.105,.101
60,1999,124,2200,12.09,11.15,0,83.1,76.2,11.46,11.42,6.742,6.298,.054,.003,6.742,76.5
5,1999,124,2200,12.09,11.26,0,75,69.13,11.74,11.7,8.3,7.72,.1,-.033,8.3,87.2,9.71,9.08
5,1999,124,2205,12.09,11.28,0,75.2,69.31,11.7,11.65,8.48,7.85,.083,0,8.48,88.9,10.79,10.29
5,1999,124,2210,12.09,11.28,0,75.6,69.55,11.61,11.56,8.14,7.54,.033,.017,8.14,91.9,9.67,8.96
5,1999,124,2215,12.09,11.27,0,75,68.97,11.56,11.51,9.24,8.75,.067,.083,9.24,88.4,10.62,10.87
5,1999,124,2220,12.09,11.25,0,74.4,68.55,11.54,11.49,8.58,7.92,-.033,.033,8.58,88.5,10.04,9.17
5,1999,124,2225,12.09,11.23,0,73.1,67.32,11.46,11.41,9.25,8.55,-.033,.017,9.25,85.9,10.33,10.04
30,1999,124,2230,11.46,11.55,.091,.087
5,1999,124,2230,12.09,11.21,0,73.1,67.41,11.37,11.33,8.35,7.84,.083,-.05,8.35,85.2,9.54,9
5,1999,124,2235,12.09,11.18,0,73.3,67.53,11.31,11.28,8.76,8.25,0,-.017,8.76,84.1,9.5,9.12
5,1999,124,2240,12.09,11.14,0,73,67.11,11.28,11.23,9.2,8.38,0,.05,9.2,86.5,10.67,9.79
5,1999,124,2245,12.09,11.11,0,73.1,67.39,11.22,11.17,8.66,8.08,.067,.05,8.66,90.1,10,9.62
5,1999,124,2250,12.09,11.08,0,73.5,67.64,11.11,11.06,8.4,7.52,.1,-.017,8.4,84.6,9.71,8.58
5,1999,124,2255,12.09,11.04,0,73.8,67.97,11.08,11.03,8.47,7.82,.05,0,8.47,84.7,10.04,9.17
30,1999,124,2300,11.11,11.2,.077,.076
60,1999,124,2300,12.09,11.17,0,73.9,68.09,11.36,11.31,8.67,8.02,.033,.011,8.67,86.9
5,1999,124,2300,12.09,11,0,74.2,68.31,11.06,11.01,8.5,7.77,-.017,-.033,8.5,83.8,9.25,8.75
5,1999,124,2305,12.09,10.97,0,74.8,68.84,10.99,10.94,8.28,7.8,.067,.017,8.28,81,9.83,9.08
5,1999,124,2310,12.09,10.93,0,74.8,68.81,10.98,10.93,8.07,7.55,.083,.017,8.07,86.5,10.33,9.46
5,1999,124,2315,12.09,10.9,0,74.7,68.72,10.97,10.92,9.03,8.36,.05,.017,9.03,83.5,9.96,9.25
5,1999,124,2320,12.09,10.87,0,75.2,69.15,10.93,10.87,7.75,7.03,.017,0,7.75,80.2,9.17,8.79
5,1999,124,2325,12.09,10.84,0,75.2,69.22,10.88,10.83,7.78,7.22,.033,.067,7.78,84.3,9.92,9.08
30,1999,124,2330,10.87,10.95,.082,.076
5,1999,124,2330,12.09,10.81,0,75.2,69.18,10.83,10.78,7.62,7.04,.05,.017,7.62,88.3,8.75,8.54
5,1999,124,2335,12.09,10.78,0,75,69.06,10.82,10.78,7.72,7.11,.017,.017,7.72,85.3,9.21,8.58
5,1999,124,2340,12.09,10.75,0,75.2,69.1,10.76,10.72,8.07,7.44,.017,.017,8.07,84.1,9,8.25
5,1999,124,2345,12.09,10.72,0,75,68.94,10.77,10.73,8.23,7.74,.1,0,8.23,88.9,9.42,8.5
5,1999,124,2350,12.09,10.69,0,75.9,69.92,10.7,10.65,7.87,7.18,.083,.05,7.87,88,9.46,8.83
5,1999,124,2355,12.09,10.67,0,76.5,70.2,10.64,10.59,8.08,7.46,-.017,.017,8.08,79.4,10.21,9.42
30,1999,125,0,10.67,10.75,.08,.078
60,1999,125,0,12.09,10.8,0,75.3,69.28,10.83,10.78,8.03,7.42,.049,.017,8.03,84.4
5,1999,125,0,12.09,10.64,0,76.3,70.2,10.63,10.58,7.87,7.17,.083,-.033,7.87,83.5,9.42,8.75
5,1999,125,5,12.09,10.6,0,76.7,70.5,10.53,10.48,7.63,6.983,-.05,0,7.63,83.8,9.04,8.17
5,1999,125,10,12.09,10.57,0,75.9,69.76,10.53,10.49,8.24,7.65,-.033,.017,8.24,85.7,9.21,8.67
5,1999,125,15,12.09,10.53,0,76.1,70,10.53,10.49,8.3,7.55,.033,.033,8.3,82.8,9.83,8.79
5,1999,125,20,12.09,10.51,0,76.1,69.96,10.6,10.56,8.94,8.15,-.033,-.017,8.94,86.4,10.46,9.92
5,1999,125,25,12.09,10.49,0,76.5,70.4,10.58,10.54,8.17,7.61,.017,0,8.17,89.2,9.71,9.08
30,1999,125,30,10.52,10.6,.068,.069
5,1999,125,30,12.09,10.48,0,77.4,71.2,10.55,10.5,7.98,7.48,.05,.017,7.98,83.3,9.17,8.5
5,1999,125,35,12.09,10.47,0,77.6,71.3,10.54,10.5,8.59,7.97,.05,-.067,8.59,88.4,9.5,8.75
5,1999,125,40,12.09,10.45,0,78,71.7,10.57,10.52,8.44,7.81,.033,.017,8.44,87.6,10.33,9.46
5,1999,125,45,12.09,10.44,0,78.6,72.4,10.52,10.48,8.09,7.47,.067,0,8.09,90.4,10.04,9.37
5,1999,125,50,12.09,10.43,0,78.9,72.5,10.53,10.48,8.03,7.35,.033,.05,8.03,88.3,9.75,8.67
5,1999,125,55,12.09,10.41,0,78.9,72.5,10.57,10.53,8.57,8,.067,-.033,8.57,84.7,10.37,9.71
30,1999,125,100,10.5,10.57,.076,.077
60,1999,125,100,12.09,10.48,0,77.5,71.3,10.55,10.5,8.25,7.61,.018,.003,8.25,86.4
5,1999,125,100,12.09,10.41,0,79.4,72.9,10.52,10.47,8.03,7.32,-.017,.017,8.03,86.8,9.33,8.37
5,1999,125,105,12.09,10.39,0,80.1,73.5,10.43,10.38,7.66,6.967,-.033,.017,7.66,87.8,10.67,9.46
5,1999,125,110,12.09,10.37,0,79.9,73.5,10.42,10.37,7.73,7.18,-.033,-.017,7.73,86,9.08,8.79
5,1999,125,115,12.09,10.34,0,79.9,73.5,10.4,10.35,7.71,7.03,-.033,.033,7.71,85.6,9.46,8.5
5,1999,125,120,12.09,10.31,0,80,73.5,10.32,10.28,7.59,7.05,.1,-.033,7.59,83.3,8.92,8.21
5,1999,125,125,12.09,10.28,0,80,73.5,10.3,10.25,7.51,6.9,.05,.017,7.51,79,8.58,8.17
30,1999,125,130,10.3,10.38,.064,.06
5,1999,125,130,12.09,10.25,0,79.8,73.3,10.27,10.22,8.17,7.5,.067,0,8.17,84.8,9.21,8.62
5,1999,125,135,12.09,10.22,0,79.7,73.2,10.3,10.25,8.17,7.57,0,0,8.17,85.9,10.04,9.5
5,1999,125,140,12.09,10.2,0,79.8,73.3,10.27,10.22,8,7.5,.117,-.017,8,88,9.29,8.46
5,1999,125,145,12.09,10.18,0,79.8,73.3,10.23,10.18,7.67,7.15,0,0,7.67,87,8.33,7.87
5,1999,125,150,12.09,10.15,0,80.3,73.8,10.18,10.14,7.62,7.05,.067,.017,7.62,82.4,8.71,8.12
5,1999,125,155,12.09,10.12,0,80,73.5,10.2,10.16,8.4,7.77,-.017,0,8.4,89.4,9.37,8.87
30,1999,125,200,10.18,10.26,.074,.073
60,1999,125,200,12.09,10.24,0,79.9,73.4,10.29,10.25,7.84,7.25,.031,.006,7.84,85.4
5,1999,125,200,12.08,10.1,0,80.1,73.6,10.21,10.16,7.87,7.28,.083,.05,7.87,85.3,9.04,8.33
5,1999,125,205,12.08,10.07,0,80.1,73.6,10.18,10.14,8.24,7.7,-.017,-.033,8.24,86.2,9.42,9
5,1999,125,210,12.08,10.06,0,80.2,73.7,10.2,10.16,8.1,7.5,0,.017,8.1,86.4,9.37,8.75
5,1999,125,215,12.08,10.04,0,80.8,74.2,10.14,10.09,7.42,6.883,.067,0,7.42,88.5,8.92,8.25
5,1999,125,220,12.08,10.02,0,80.8,74.2,10.13,10.08,7.6,6.917,.017,.033,7.6,83.9,9.04,8.37
5,1999,125,225,12.08,9.99,0,81,74.4,10.1,10.05,7.47,7.06,.017,.033,7.47,90.6,8.58,8.5
30,1999,125,230,10.07,10.16,.076,.074
5,1999,125,230,12.08,9.97,0,81.2,74.5,10.05,10,7.2,6.679,.033,.017,7.2,89,8.33,7.58
5,1999,125,235,12.08,9.94,0,81.6,74.9,9.99,9.93,7.18,6.533,.067,.017,7.18,88.3,8.12,7.75
5,1999,125,240,12.08,9.9,0,82.2,75.4,9.89,9.83,7.05,6.612,0,.05,7.05,79.9,8.42,8
5,1999,125,245,12.08,9.86,0,81.9,75.2,9.89,9.84,7.62,7.06,-.017,.05,7.62,86.6,8.33,8.04
5,1999,125,250,12.08,9.82,0,81.7,74.9,9.87,9.82,7.31,6.746,.05,.033,7.31,91.2,8.33,7.83
5,1999,125,255,12.08,9.79,0,81.7,75,9.87,9.82,7.29,6.612,.05,0,7.29,85.9,8,7.21
30,1999,125,300,9.83,9.93,.09,.095
60,1999,125,300,12.08,9.94,0,81.2,74.6,10.01,9.96,7.48,6.92,.015,.021,7.48,86.8
5,1999,125,300,12.08,9.76,0,81.3,74.5,9.83,9.79,7.27,6.742,-.083,.033,7.27,85.3,8.71,8.12
5,1999,125,305,12.08,9.73,0,80.6,74,9.93,9.88,7.29,6.708,0,0,7.29,90.1,8.83,8.33
5,1999,125,310,12.08,9.71,0,80.9,74.2,9.88,9.83,7.72,7.24,.067,.05,7.72,90.6,9.42,8.5
5,1999,125,315,12.08,9.69,0,81.2,74.5,9.8,9.75,7.5,6.887,-.017,.05,7.5,88.2,9.12,8.46
5,1999,125,320,12.08,9.66,0,80.7,74.1,9.79,9.74,7.71,7.15,.017,.033,7.71,88.4,8.83,8.37
5,1999,125,325,12.08,9.63,0,80.7,74.1,9.71,9.66,7.55,7.03,.017,-.017,7.55,86.5,8.62,7.96
30,1999,125,330,9.72,9.82,.099,.102
5,1999,125,330,12.08,9.6,0,80.6,74,9.65,9.61,7.87,7.13,0,-.05,7.87,87,8.79,7.87
5,1999,125,335,12.08,9.56,0,80.6,74.2,9.58,9.53,7.49,6.954,.1,-.017,7.49,91.3,9.71,8.62
5,1999,125,340,12.08,9.52,0,80.3,73.7,9.58,9.54,7.95,7.27,0,.033,7.95,94.2,9.75,8.87
5,1999,125,345,12.08,9.48,0,79.8,73.1,9.58,9.53,8.13,7.57,.017,.033,8.13,90.6,9.08,8.33
5,1999,125,350,12.08,9.45,0,80,73.6,9.54,9.49,7.67,7.17,.033,.033,7.67,97.5,8.83,8.08
5,1999,125,355,12.08,9.43,0,79.4,73,9.56,9.51,8.32,7.71,.033,0,8.32,94.9,9.5,8.79
30,1999,125,400,9.53,9.64,.09,.092
60,1999,125,400,12.08,9.57,0,80.3,73.8,9.68,9.64,7.77,7.19,.031,.015,7.77,91.1
5,1999,125,400,12.08,9.41,0,79.2,72.8,9.61,9.56,7.98,7.41,.1,.033,7.98,93.8,8.96,8.54
5,1999,125,405,12.08,9.4,0,78.9,72.4,9.61,9.56,8.13,7.57,.067,.033,8.13,89.7,9.37,8.75
5,1999,125,410,12.08,9.39,0,77.9,71.6,9.62,9.58,8.95,8.3,.1,.083,8.95,92.9,9.71,9.08
5,1999,125,415,12.08,9.39,0,77.3,71,9.71,9.66,8.49,7.87,.017,.05,8.49,91.3,9.71,9.5
5,1999,125,420,12.08,9.39,0,78.1,71.7,9.57,9.52,8.94,8.3,.167,-.017,8.94,89,11.42,10.67
5,1999,125,425,12.08,9.38,0,78.1,71.8,9.53,9.48,8.75,8.15,.217,.017,8.75,97.1,9.92,9.46
30,1999,125,430,9.54,9.62,.101,.101
5,1999,125,430,12.08,9.36,0,78.5,72,9.45,9.39,8.48,7.7,.25,.083,8.48,93.4,9.54,8.62
5,1999,125,435,12.08,9.34,0,77.2,71,9.5,9.45,9.14,8.62,.533,.05,9.14,89.3,10.33,9.79
5,1999,125,440,12.08,9.32,0,77.1,71,9.44,9.39,8.85,8.42,1.15,.05,8.85,93.6,10.67,10.46
5,1999,125,445,12.08,9.3,0,77.6,71.1,9.36,9.31,8.88,8.34,2.2,.017,8.88,90.3,10.71,10.04
5,1999,125,450,12.08,9.27,0,77.5,71.2,9.29,9.25,9.11,8.33,2.866,.033,9.11,92.2,10.08,9.12
5,1999,125,455,12.08,9.24,0,77,70.7,9.22,9.17,8.76,8.06,3.266,.033,8.76,90.7,10.33,9.58
30,1999,125,500,9.29,9.38,.077,.081
60,1999,125,500,12.08,9.33,0,77.7,71.4,9.46,9.41,8.8,8.19,1.232,.039,8.8,91.5
5,1999,125,500,12.08,9.2,0,77.3,71,9.22,9.17,9.15,8.56,3.95,.033,9.15,88.3,10.33,9.58
5,1999,125,505,12.08,9.17,0,77.3,71,9.16,9.12,8.6,8.1,6.433,0,8.6,91.4,9.62,9.08
5,1999,125,510,12.08,9.14,0,77.4,71.1,9.15,9.1,8.72,8.26,8.6,.05,8.72,82.1,11.08,10.08
5,1999,125,515,12.08,9.1,0,77.5,71.1,9.1,9.04,9.36,8.64,10.52,-.017,9.36,82.9,11.33,10.37
5,1999,125,520,12.08,9.08,0,77.3,71,9.07,9.02,8.98,8.35,14.27,.05,8.98,90.1,10.42,9.58
5,1999,125,525,12.08,9.05,0,76.9,70.7,9.04,8.98,9.35,8.67,17.88,.033,9.35,91.1,11,10.37
30,1999,125,530,9.04,9.12,.088,.09
5,1999,125,530,12.08,9.02,0,77.1,70.7,8.99,8.94,9.1,8.6,21.52,.033,9.1,86.8,10.37,9.96
5,1999,125,535,12.08,8.99,0,77.4,71.1,8.96,8.9,9.13,8.54,25.62,.017,9.13,92.3,10.5,10
5,1999,125,540,12.08,8.96,0,77.1,70.7,8.92,8.87,9.26,8.58,29.83,.017,9.26,90.4,10.62,9.96
5,1999,125,545,12.08,8.94,0,77.3,71.2,8.91,8.86,9.18,8.44,34.58,.017,9.18,91.2,10.92,10.08
5,1999,125,550,12.08,8.91,0,77.1,70.9,8.88,8.83,9.67,9.13,38.88,0,9.67,91.9,11.96,11.21
5,1999,125,555,12.08,8.9,0,77.8,71.5,8.84,8.78,9.13,8.59,43.47,.017,9.13,91.4,10.12,9.83
30,1999,125,600,8.85,8.9,.063,.064
60,1999,125,600,12.08,9.01,0,77.3,71,8.98,8.93,9.16,8.55,24.95,.022,9.16,88.8
5,1999,125,600,12.08,8.87,0,77.8,71.4,8.77,8.72,9.41,8.69,47.75,.05,9.41,83.9,11.25,11
5,1999,125,605,12.08,8.85,0,77.9,71.4,8.74,8.68,9.18,8.5,51.82,-.067,9.18,92.5,9.92,9.5
5,1999,125,610,12.08,8.82,0,77.8,71.5,8.73,8.67,9.49,8.83,56.72,-.033,9.49,96.7,10.79,10.04
5,1999,125,615,12.08,8.8,0,77.5,71.3,8.73,8.67,9.52,8.86,61.97,.017,9.52,92.5,11.46,11
5,1999,125,620,12.08,8.78,0,77.9,71.6,8.67,8.62,9.3,8.61,68.07,.033,9.3,87.6,10.37,10.21
5,1999,125,625,12.08,8.76,0,77.7,71.4,8.69,8.63,9.68,9.2,73.6,.033,9.68,87.7,12.37,12
30,1999,125,630,8.7,8.75,.056,.059
5,1999,125,630,12.08,8.75,0,78.1,71.6,8.67,8.62,9.17,8.47,82.8,-.017,9.17,84.4,11.62,10.58
5,1999,125,635,12.08,8.74,0,78.3,72,8.67,8.6,9.62,8.9,93.5,.033,9.62,91.1,11.79,10.87
5,1999,125,640,12.08,8.74,0,78.1,71.8,8.72,8.66,9.52,8.94,108.1,-.017,9.52,92.9,11,9.87
5,1999,125,645,12.08,8.75,0,77.4,71.1,8.79,8.73,9.31,8.84,122.7,.017,9.31,88.7,10.71,10.67
5,1999,125,650,12.08,8.77,0,76.9,70.6,8.87,8.8,9.76,9.02,134.4,.033,9.76,90.8,11.46,11.12
5,1999,125,655,12.08,8.81,0,76,69.99,8.94,8.88,10.24,9.59,134.5,.017,10.24,86.4,11.17,10.33
30,1999,125,700,8.9,8.88,.047,.048
60,1999,125,700,12.08,8.79,0,77.4,71.2,8.77,8.71,9.6,8.95,93.5,.007,9.6,90
5,1999,125,700,12.08,8.86,0,75.7,69.43,8.97,8.9,10.39,9.61,133.3,.033,10.39,88.1,11.58,10.87
5,1999,125,705,12.08,8.89,0,76.3,70.1,8.98,8.91,9.93,9.32,151.7,.05,9.93,92.7,11.12,10.17
5,1999,125,710,12.08,8.94,0,75.4,69.38,9.13,9.06,10.45,9.73,193.4,-.017,10.45,95.3,13,12.29
5,1999,125,715,12.08,9.01,0,75.9,70,9.24,9.16,10.07,9.4,222.3,.033,10.07,90.2,11.33,10.21
5,1999,125,720,12.08,9.09,0,76.3,70.3,9.34,9.25,9.82,9.18,211.6,-.017,9.82,97,10.87,10.83
5,1999,125,725,12.08,9.18,0,76.3,70.4,9.38,9.3,10.4,9.95,216.6,.033,10.4,96.1,12.08,11.79
30,1999,125,730,9.41,9.34,.075,.078
5,1999,125,730,12.08,9.26,0,75.3,69.32,9.51,9.43,11.14,10.57,257.8,.05,11.14,96.1,12.79,12.04
5,1999,125,735,12.08,9.35,0,74.1,68.25,9.61,9.54,12.05,11.39,280.9,0,12.05,96.8,13.58,12.62
5,1999,125,740,12.08,9.45,0,74.4,68.48,9.74,9.66,11.4,10.85,302.9,.033,11.4,94.8,12.92,12.42
5,1999,125,745,12.08,9.57,0,73.5,67.69,9.86,9.78,11.02,10.22,331.5,.017,11.02,95,11.96,11.08
5,1999,125,750,12.08,9.69,0,73.4,67.53,10.02,9.95,11.14,10.36,370.6,-.017,11.14,94.8,13.08,12.25
5,1999,125,755,12.08,9.82,0,73.9,68.13,10.18,10.11,10.86,10.17,400.8,-.033,10.86,101,13.04,12.33
30,1999,125,800,10.2,10.08,.133,.134
60,1999,125,800,12.08,9.35,0,74.7,68.82,9.61,9.53,10.8,10.15,279.6,.01,10.8,95.3
5,1999,125,800,12.08,9.97,0,72,66.32,10.31,10.24,11.29,10.69,415,-.017,11.29,93.4,13.67,12.92
5,1999,125,805,12.08,10.12,0,71.8,66.17,10.42,10.35,11.12,10.53,421.1,.05,11.12,95.7,12.33,11.71
5,1999,125,810,12.08,10.25,0,71.1,65.52,10.48,10.4,11.9,11.22,413.1,0,11.9,94.3,13.12,12.29
5,1999,125,815,12.08,10.38,0,70.6,65.13,10.61,10.53,11.08,10.4,391.5,.033,11.08,94.7,13.29,12.75
5,1999,125,820,12.08,10.48,0,69.59,64.22,10.57,10.49,11.46,10.83,370.8,-.017,11.46,101.8,13.33,12.79
5,1999,125,825,12.08,10.55,0,69.95,64.53,10.59,10.5,11.18,10.44,377.8,.05,11.18,103.6,12.75,12.42
30,1999,125,830,10.77,10.63,.151,.16
5,1999,125,830,12.08,10.6,0,69.18,63.89,10.66,10.57,11.65,10.74,387.2,-.017,11.65,93.6,12.75,12.21
5,1999,125,835,12.08,10.66,0,69.04,63.85,10.71,10.62,11.78,10.93,408.1,-.017,11.78,94.6,12.79,12.04
5,1999,125,840,12.08,10.72,0,68.74,63.45,10.81,10.73,11.12,10.38,423.5,.017,11.12,95.2,12.12,11.37
5,1999,125,845,12.08,10.8,0,68.96,63.75,10.91,10.82,11.06,10.43,414.8,-.017,11.06,86.8,12.33,11.46
5,1999,125,850,12.08,10.87,0,68.83,63.52,10.96,10.86,10.9,10.37,387.9,-.033,10.9,97.5,12.08,11.67
5,1999,125,855,12.08,10.94,0,70.2,64.81,10.98,10.89,10.77,10,366.6,.067,10.77,92.8,12.92,12.04
30,1999,125,900,11.09,10.94,.15,.155
60,1999,125,900,12.08,10.61,0,69.85,64.45,10.73,10.64,11.28,10.57,395.6,.011,11.28,95.7
5,1999,125,900,12.08,10.99,0,70.1,64.58,11,10.92,11.32,10.55,385.2,.017,11.32,97.8,13,12.25
5,1999,125,905,12.08,11.04,0,70.5,65.06,11.05,10.96,10.62,9.87,398.6,.033,10.62,96.2,11.83,11.21
5,1999,125,910,12.08,11.09,0,70.9,65.36,11.08,11,11.44,10.77,401.2,0,11.44,98.1,13.08,11.79
5,1999,125,915,12.08,11.15,0,69.25,63.8,11.12,11.04,12.26,11.56,414.3,0,12.26,95.3,14.5,13.29
5,1999,125,920,12.08,11.2,0,70.4,65,11.19,11.1,11.82,11.12,401.4,.017,11.82,95.3,13.21,12.62
5,1999,125,925,12.08,11.4,0,72,66.43,11.24,11.16,11.1,10.48,385.7,0,11.1,103.6,11.92,11.25
30,1999,125,930,11.35,11.2,.16,.167
5,1999,125,930,12.08,11.73,0,73.3,67.59,11.27,11.19,10.23,9.49,390.4,.017,10.23,101.3,11.5,10.5
5,1999,125,935,12.07,11.91,0,71.8,66.4,11.24,11.16,11.08,10.45,387.5,.033,11.08,98.2,12.58,11.79
