268 25 09 99 07 09 29
268 25 09 99 07 10 29
268 25 09 99 07 11 14
268 25 09 99 07 12 00
268 25 09 99 07 12 15
268 25 09 99 07 58 18
268 25 09 99 08 07 52
268 25 09 99 09 57 26
268 25 09 99 18 02 05
268 25 09 99 18 05 07
268 25 09 99 18 35 16
268 25 09 99 18 39 18
268 25 09 99 18 45 35
268 25 09 99 18 48 25
268 25 09 99 18 50 15
268 25 09 99 19 10 45
268 25 09 99 19 37 28
268 25 09 99 19 40 32
268 25 09 99 19 56 29
268 25 09 99 19 58 09
268 25 09 99 19 59 58
269 26 09 99 06 00 37
269 26 09 99 06 17 43
269 26 09 99 06 18 45
269 26 09 99 06 28 47
269 26 09 99 08 33 17
269 26 09 99 08 57 14
269 26 09 99 10 24 01
269 26 09 99 17 06 45
269 26 09 99 17 07 13
269 26 09 99 17 07 23
269 26 09 99 17 07 33
269 26 09 99 17 07 41
269 26 09 99 17 07 51
269 26 09 99 17 08 00
269 26 09 99 17 08 11
269 26 09 99 17 08 24
269 26 09 99 17 09 30
269 26 09 99 17 11 35
269 26 09 99 17 15 25
269 26 09 99 17 17 25
269 26 09 99 19 17 28
269 26 09 99 19 19 00
269 26 09 99 19 20 10
269 26 09 99 19 20 33
269 26 09 99 19 20 47
269 26 09 99 19 21 32
269 26 09 99 20 16 33
269 26 09 99 20 16 50
269 26 09 99 20 16 59
269 26 09 99 20 17 09
269 26 09 99 20 17 21
269 26 09 99 20 17 42
269 26 09 99 20 18 01
269 26 09 99 20 18 29
269 26 09 99 20 19 37
269 26 09 99 20 21 14
269 26 09 99 20 41 59
269 26 09 99 20 42 24
269 26 09 99 20 43 08
269 26 09 99 21 03 12
269 26 09 99 21 05 21
269 26 09 99 21 50 58
269 26 09 99 21 59 14
269 26 09 99 22 04 42
269 26 09 99 22 08 32
269 26 09 99 22 10 27
269 26 09 99 22 13 06
270 27 09 99 02 06 48
270 27 09 99 02 08 21
270 27 09 99 02 08 52
270 27 09 99 02 09 38
270 27 09 99 02 10 05
270 27 09 99 02 10 20
270 27 09 99 02 11 00
270 27 09 99 02 11 14
270 27 09 99 02 11 21
270 27 09 99 02 11 32
270 27 09 99 02 11 55
270 27 09 99 02 12 10
270 27 09 99 02 12 23
270 27 09 99 02 12 37
270 27 09 99 02 12 56
270 27 09 99 02 13 27
270 27 09 99 02 14 00
270 27 09 99 02 14 21
270 27 09 99 02 14 38
270 27 09 99 02 14 52
270 27 09 99 02 15 59
270 27 09 99 02 17 35
270 27 09 99 02 18 16
270 27 09 99 02 18 31
270 27 09 99 02 18 42
270 27 09 99 02 18 54
270 27 09 99 02 19 09
270 27 09 99 02 19 19
270 27 09 99 02 19 27
270 27 09 99 02 19 36
270 27 09 99 02 19 46
270 27 09 99 02 19 54
270 27 09 99 02 20 00
270 27 09 99 02 20 05
270 27 09 99 02 20 12
270 27 09 99 02 20 21
270 27 09 99 02 20 32
270 27 09 99 02 20 49
270 27 09 99 02 21 19
270 27 09 99 02 22 13
270 27 09 99 02 22 50
270 27 09 99 02 23 16
270 27 09 99 02 23 39
270 27 09 99 02 24 19
270 27 09 99 02 26 45
270 27 09 99 02 28 04
270 27 09 99 02 29 26
270 27 09 99 02 30 11
270 27 09 99 02 30 55
270 27 09 99 02 31 24
270 27 09 99 02 31 49
270 27 09 99 02 32 06
270 27 09 99 02 32 21
270 27 09 99 02 32 37
270 27 09 99 02 33 07
270 27 09 99 02 34 18
270 27 09 99 02 35 18
270 27 09 99 02 36 12
270 27 09 99 02 37 19
270 27 09 99 02 38 30
270 27 09 99 02 40 48
270 27 09 99 02 41 52
270 27 09 99 02 43 19
270 27 09 99 03 05 21
270 27 09 99 11 10 55
270 27 09 99 11 13 05
270 27 09 99 11 14 29
270 27 09 99 11 15 49
270 27 09 99 11 17 13
270 27 09 99 11 18 14
270 27 09 99 11 19 17
270 27 09 99 11 20 18
270 27 09 99 11 21 11
270 27 09 99 11 21 50
270 27 09 99 11 22 25
270 27 09 99 11 23 17
270 27 09 99 11 25 09
270 27 09 99 11 25 59
270 27 09 99 11 26 53
270 27 09 99 11 27 44
270 27 09 99 11 28 35
270 27 09 99 11 29 15
270 27 09 99 11 29 53
270 27 09 99 11 30 32
270 27 09 99 11 31 08
270 27 09 99 11 31 39
270 27 09 99 11 32 04
270 27 09 99 11 32 26
270 27 09 99 11 32 44
270 27 09 99 11 33 01
270 27 09 99 11 33 19
270 27 09 99 11 33 40
270 27 09 99 11 34 10
270 27 09 99 11 34 47
270 27 09 99 11 36 01
270 27 09 99 11 37 27
270 27 09 99 11 39 24
270 27 09 99 11 41 14
270 27 09 99 11 42 52
270 27 09 99 11 55 09
270 27 09 99 11 59 00
270 27 09 99 12 02 06
270 27 09 99 12 03 33
270 27 09 99 12 04 04
270 27 09 99 12 04 48
270 27 09 99 12 05 25
270 27 09 99 12 05 54
270 27 09 99 12 06 32
270 27 09 99 12 07 07
270 27 09 99 12 07 54
270 27 09 99 12 08 37
270 27 09 99 12 09 12
270 27 09 99 12 09 43
270 27 09 99 12 10 19
270 27 09 99 12 10 50
270 27 09 99 12 11 20
270 27 09 99 12 11 42
270 27 09 99 12 12 04
270 27 09 99 12 12 21
270 27 09 99 12 12 41
270 27 09 99 12 13 16
270 27 09 99 12 14 22
270 27 09 99 12 15 58
270 27 09 99 12 17 06
270 27 09 99 12 17 25
270 27 09 99 12 17 50
270 27 09 99 12 18 30
270 27 09 99 12 19 16
270 27 09 99 12 20 39
270 27 09 99 12 21 01
270 27 09 99 12 21 24
270 27 09 99 12 22 16
270 27 09 99 12 24 11
270 27 09 99 12 26 03
270 27 09 99 12 27 09
270 27 09 99 12 27 49
270 27 09 99 12 28 42
270 27 09 99 12 29 27
270 27 09 99 12 30 08
270 27 09 99 12 30 46
270 27 09 99 12 32 24
270 27 09 99 12 34 11
270 27 09 99 12 35 35
270 27 09 99 12 37 00
270 27 09 99 12 39 16
270 27 09 99 12 40 58
270 27 09 99 12 42 28
270 27 09 99 12 42 46
270 27 09 99 12 43 00
270 27 09 99 12 43 34
270 27 09 99 12 44 10
270 27 09 99 12 45 10
270 27 09 99 12 46 54
270 27 09 99 12 47 31
270 27 09 99 12 48 07
270 27 09 99 12 49 06
270 27 09 99 12 57 35
270 27 09 99 13 27 49
270 27 09 99 13 30 50
270 27 09 99 13 38 25
270 27 09 99 13 46 50
270 27 09 99 15 03 48
270 27 09 99 15 05 49
270 27 09 99 15 18 55
270 27 09 99 17 53 57
270 27 09 99 18 14 38
270 27 09 99 18 16 08
270 27 09 99 18 16 38
270 27 09 99 18 17 18
270 27 09 99 18 17 48
270 27 09 99 18 18 03
270 27 09 99 18 18 14
270 27 09 99 18 18 27
270 27 09 99 18 18 43
270 27 09 99 18 18 58
270 27 09 99 18 19 13
270 27 09 99 18 19 25
270 27 09 99 18 19 39
270 27 09 99 18 20 18
270 27 09 99 18 21 27
270 27 09 99 18 22 24
270 27 09 99 18 23 26
270 27 09 99 18 24 59
270 27 09 99 18 28 16
270 27 09 99 18 30 36
270 27 09 99 18 32 14
270 27 09 99 18 33 39
270 27 09 99 18 34 53
270 27 09 99 18 36 03
270 27 09 99 18 37 18
270 27 09 99 18 38 57
270 27 09 99 18 41 20
270 27 09 99 20 53 37
270 27 09 99 20 54 21
270 27 09 99 20 54 43
270 27 09 99 20 55 10
270 27 09 99 20 55 35
270 27 09 99 20 56 48
270 27 09 99 21 01 22
270 27 09 99 21 37 25
270 27 09 99 21 40 15
270 27 09 99 21 52 51
270 27 09 99 21 59 40
270 27 09 99 23 49 14
270 27 09 99 23 50 35
270 27 09 99 23 53 42
270 27 09 99 23 56 10
270 27 09 99 23 58 54
271 28 09 99 00 01 16
271 28 09 99 00 04 49
271 28 09 99 00 20 33
271 28 09 99 00 24 19
271 28 09 99 00 38 13
271 28 09 99 01 30 38
271 28 09 99 01 36 44
271 28 09 99 01 45 31
271 28 09 99 04 38 14
271 28 09 99 04 38 56
271 28 09 99 04 39 28
271 28 09 99 04 40 23
271 28 09 99 05 58 52
271 28 09 99 06 01 21
271 28 09 99 07 03 49
271 28 09 99 07 14 03
271 28 09 99 07 14 53
271 28 09 99 07 16 02
271 28 09 99 07 22 40
271 28 09 99 07 23 06
271 28 09 99 07 23 25
271 28 09 99 07 23 42
271 28 09 99 07 23 55
271 28 09 99 07 24 12
271 28 09 99 07 24 33
271 28 09 99 07 25 04
271 28 09 99 07 26 39
271 28 09 99 07 27 53
271 28 09 99 07 33 03
271 28 09 99 07 36 40
271 28 09 99 07 41 59
271 28 09 99 07 43 28
271 28 09 99 07 55 15
271 28 09 99 07 58 14
271 28 09 99 08 19 24
271 28 09 99 08 25 31
271 28 09 99 08 29 29
271 28 09 99 08 32 14
271 28 09 99 08 33 51
271 28 09 99 08 34 52
271 28 09 99 08 35 48
271 28 09 99 08 36 42
271 28 09 99 08 38 01
271 28 09 99 08 41 38
271 28 09 99 08 45 33
271 28 09 99 08 47 28
271 28 09 99 09 01 25
271 28 09 99 09 18 36
272 29 09 99 02 00 08
272 29 09 99 04 57 22
272 29 09 99 05 12 57
272 29 09 99 05 16 31
272 29 09 99 05 21 15
272 29 09 99 05 24 02
272 29 09 99 05 27 28
272 29 09 99 05 32 01
272 29 09 99 05 33 59
272 29 09 99 05 40 21
272 29 09 99 05 51 31
272 29 09 99 05 54 20
272 29 09 99 06 13 56
272 29 09 99 07 13 28
272 29 09 99 07 31 20
272 29 09 99 08 27 20
272 29 09 99 08 41 26
272 29 09 99 08 42 41
272 29 09 99 08 44 36
272 29 09 99 08 46 20
272 29 09 99 08 49 52
272 29 09 99 08 50 45
272 29 09 99 08 51 57
272 29 09 99 08 52 42
272 29 09 99 08 55 27
272 29 09 99 08 56 45
272 29 09 99 08 57 38
272 29 09 99 09 02 07
272 29 09 99 09 03 24
272 29 09 99 09 58 09
272 29 09 99 10 08 40
272 29 09 99 19 05 12
272 29 09 99 19 06 35
272 29 09 99 19 07 09
272 29 09 99 19 07 35
272 29 09 99 19 08 00
272 29 09 99 19 16 36
272 29 09 99 19 20 23
272 29 09 99 19 24 01
272 29 09 99 21 24 19
272 29 09 99 21 41 27
272 29 09 99 21 42 07
272 29 09 99 21 42 46
272 29 09 99 21 43 38
272 29 09 99 21 44 21
272 29 09 99 21 45 05
272 29 09 99 21 45 57
272 29 09 99 21 46 21
272 29 09 99 21 47 09
272 29 09 99 21 48 00
272 29 09 99 21 48 33
272 29 09 99 21 49 03
272 29 09 99 21 49 35
272 29 09 99 21 50 07
272 29 09 99 21 50 30
272 29 09 99 21 50 38
272 29 09 99 21 50 45
272 29 09 99 21 50 54
272 29 09 99 21 51 01
272 29 09 99 21 51 09
272 29 09 99 21 51 17
272 29 09 99 21 51 22
272 29 09 99 21 51 28
272 29 09 99 21 51 33
272 29 09 99 21 51 39
272 29 09 99 21 51 43
272 29 09 99 21 51 47
272 29 09 99 21 51 52
272 29 09 99 21 51 56
272 29 09 99 21 51 59
272 29 09 99 21 52 03
272 29 09 99 21 52 07
272 29 09 99 21 52 11
272 29 09 99 21 52 14
272 29 09 99 21 52 18
272 29 09 99 21 52 21
272 29 09 99 21 52 24
272 29 09 99 21 52 27
272 29 09 99 21 52 30
272 29 09 99 21 52 32
272 29 09 99 21 52 35
272 29 09 99 21 52 38
272 29 09 99 21 52 41
272 29 09 99 21 52 43
272 29 09 99 21 52 46
272 29 09 99 21 52 49
272 29 09 99 21 52 53
272 29 09 99 21 52 58
272 29 09 99 21 53 04
272 29 09 99 21 53 09
272 29 09 99 21 53 14
272 29 09 99 21 53 17
272 29 09 99 21 53 20
272 29 09 99 21 53 27
272 29 09 99 21 53 35
272 29 09 99 21 53 46
272 29 09 99 21 53 57
272 29 09 99 21 54 06
272 29 09 99 21 54 16
272 29 09 99 21 54 35
272 29 09 99 21 54 47
272 29 09 99 21 54 55
272 29 09 99 21 55 03
272 29 09 99 21 55 13
272 29 09 99 21 55 32
272 29 09 99 21 59 33
272 29 09 99 22 47 22
272 29 09 99 22 47 40
272 29 09 99 22 47 49
272 29 09 99 22 47 59
272 29 09 99 22 48 23
272 29 09 99 22 48 47
272 29 09 99 22 56 02
272 29 09 99 23 28 38
272 29 09 99 23 34 37
273 30 09 99 00 28 49
273 30 09 99 00 29 28
273 30 09 99 00 29 55
273 30 09 99 00 30 09
273 30 09 99 00 30 39
273 30 09 99 03 15 07
273 30 09 99 05 49 50
273 30 09 99 05 54 17
273 30 09 99 06 06 24
273 30 09 99 11 24 18
273 30 09 99 11 24 38
273 30 09 99 11 24 56
273 30 09 99 11 25 42
273 30 09 99 11 33 29
273 30 09 99 12 16 14
273 30 09 99 12 17 37
273 30 09 99 12 35 47
273 30 09 99 12 37 29
273 30 09 99 12 38 54
273 30 09 99 12 40 07
273 30 09 99 12 40 36
273 30 09 99 12 45 25
273 30 09 99 14 27 13
273 30 09 99 14 27 22
273 30 09 99 14 27 29
273 30 09 99 14 27 36
273 30 09 99 14 27 41
273 30 09 99 14 27 48
273 30 09 99 14 27 56
273 30 09 99 14 28 16
273 30 09 99 14 28 44
273 30 09 99 14 35 16
273 30 09 99 15 09 32
273 30 09 99 15 10 55
273 30 09 99 15 12 05
273 30 09 99 15 15 38
273 30 09 99 15 24 18
273 30 09 99 18 09 36
273 30 09 99 18 11 18
273 30 09 99 18 15 42
273 30 09 99 19 39 59
273 30 09 99 19 40 31
273 30 09 99 19 53 41
273 30 09 99 22 36 45
273 30 09 99 22 37 02
273 30 09 99 22 37 17
273 30 09 99 22 37 35
273 30 09 99 22 37 49
273 30 09 99 22 38 00
273 30 09 99 22 38 12
273 30 09 99 22 38 22
273 30 09 99 22 38 30
273 30 09 99 22 38 42
273 30 09 99 22 38 58
273 30 09 99 22 39 24
273 30 09 99 22 39 39
273 30 09 99 22 39 52
273 30 09 99 22 40 08
273 30 09 99 22 40 18
273 30 09 99 22 40 26
273 30 09 99 22 40 33
273 30 09 99 22 40 43
273 30 09 99 22 40 54
273 30 09 99 22 41 03
273 30 09 99 22 41 13
273 30 09 99 22 41 23
273 30 09 99 22 41 51
273 30 09 99 22 42 53
273 30 09 99 23 18 10
273 30 09 99 23 19 18
273 30 09 99 23 20 06
273 30 09 99 23 20 29
273 30 09 99 23 21 46
274 01 10 99 00 44 16
274 01 10 99 00 49 23
274 01 10 99 00 54 40
274 01 10 99 01 03 53
274 01 10 99 01 17 57
274 01 10 99 01 25 00
274 01 10 99 01 45 50
274 01 10 99 01 49 41
274 01 10 99 01 57 08
274 01 10 99 02 08 09
274 01 10 99 02 18 06
274 01 10 99 02 22 17
274 01 10 99 02 24 28
274 01 10 99 02 25 47
274 01 10 99 02 26 48
274 01 10 99 02 29 51
274 01 10 99 02 32 18
274 01 10 99 02 36 51
274 01 10 99 02 59 12
274 01 10 99 02 59 39
274 01 10 99 03 00 08
274 01 10 99 03 00 22
274 01 10 99 03 00 28
274 01 10 99 03 00 33
274 01 10 99 03 00 38
274 01 10 99 03 00 43
274 01 10 99 03 00 48
274 01 10 99 03 00 53
274 01 10 99 03 00 58
274 01 10 99 03 01 03
274 01 10 99 03 01 10
274 01 10 99 03 01 16
274 01 10 99 03 01 23
274 01 10 99 03 01 33
274 01 10 99 03 02 00
274 01 10 99 03 02 31
274 01 10 99 03 02 54
274 01 10 99 03 03 46
274 01 10 99 04 01 57
274 01 10 99 04 02 36
274 01 10 99 04 02 55
274 01 10 99 04 03 07
274 01 10 99 04 03 21
274 01 10 99 04 03 36
274 01 10 99 04 03 51
274 01 10 99 04 04 09
274 01 10 99 04 04 23
274 01 10 99 04 04 42
274 01 10 99 04 05 08
274 01 10 99 04 05 17
274 01 10 99 04 05 31
274 01 10 99 04 05 47
274 01 10 99 04 06 11
274 01 10 99 04 06 33
274 01 10 99 04 07 43
274 01 10 99 04 22 46
274 01 10 99 04 43 54
274 01 10 99 04 52 24
274 01 10 99 04 55 49
274 01 10 99 05 06 13
274 01 10 99 05 07 45
274 01 10 99 05 10 31
274 01 10 99 05 13 32
274 01 10 99 05 14 43
274 01 10 99 05 15 47
274 01 10 99 05 17 08
274 01 10 99 05 18 11
274 01 10 99 05 19 49
274 01 10 99 05 21 13
274 01 10 99 05 22 17
274 01 10 99 05 24 02
274 01 10 99 05 25 33
274 01 10 99 05 27 07
274 01 10 99 05 28 21
274 01 10 99 05 29 23
274 01 10 99 05 30 29
274 01 10 99 05 31 54
274 01 10 99 05 35 27
274 01 10 99 05 39 29
274 01 10 99 05 43 39
274 01 10 99 05 45 39
274 01 10 99 05 48 20
274 01 10 99 05 50 28
274 01 10 99 06 30 33
274 01 10 99 06 31 06
274 01 10 99 06 31 16
274 01 10 99 06 31 23
274 01 10 99 06 31 30
274 01 10 99 06 31 40
274 01 10 99 06 32 17
274 01 10 99 06 32 43
274 01 10 99 06 33 11
274 01 10 99 06 33 54
274 01 10 99 06 39 36
274 01 10 99 06 43 00
274 01 10 99 07 00 13
274 01 10 99 07 02 05
274 01 10 99 07 06 22
274 01 10 99 07 24 59
274 01 10 99 07 29 19
274 01 10 99 07 29 48
274 01 10 99 07 30 08
274 01 10 99 07 31 49
274 01 10 99 09 04 13
274 01 10 99 09 06 29
274 01 10 99 10 20 07
274 01 10 99 10 20 26
274 01 10 99 10 21 52
274 01 10 99 10 23 04
274 01 10 99 10 30 37
274 01 10 99 11 23 23
274 01 10 99 11 27 08
274 01 10 99 14 40 47
274 01 10 99 14 44 14
274 01 10 99 17 22 15
274 01 10 99 17 25 50
274 01 10 99 17 31 42
274 01 10 99 17 33 04
274 01 10 99 17 33 57
274 01 10 99 17 40 47
274 01 10 99 19 23 11
274 01 10 99 20 31 45
274 01 10 99 20 39 53
274 01 10 99 20 41 17
274 01 10 99 20 49 06
274 01 10 99 21 18 32
274 01 10 99 21 41 35
274 01 10 99 21 47 22
274 01 10 99 21 52 50
274 01 10 99 22 08 14
274 01 10 99 22 20 32
274 01 10 99 22 40 34
274 01 10 99 22 51 12
274 01 10 99 22 53 59
274 01 10 99 22 56 26
274 01 10 99 22 58 57
274 01 10 99 23 01 47
274 01 10 99 23 03 27
274 01 10 99 23 06 46
274 01 10 99 23 27 21
275 02 10 99 00 33 32
275 02 10 99 00 38 48
275 02 10 99 00 47 37
275 02 10 99 01 06 05
275 02 10 99 01 24 03
275 02 10 99 02 25 53
275 02 10 99 02 29 19
275 02 10 99 02 40 16
275 02 10 99 02 42 45
275 02 10 99 02 45 48
275 02 10 99 02 47 52
275 02 10 99 02 50 11
275 02 10 99 02 51 23
275 02 10 99 02 52 15
275 02 10 99 02 52 38
275 02 10 99 02 53 06
275 02 10 99 02 54 08
275 02 10 99 03 00 23
275 02 10 99 03 01 29
275 02 10 99 03 03 19
275 02 10 99 03 11 20
275 02 10 99 03 13 22
275 02 10 99 03 29 58
275 02 10 99 03 39 00
275 02 10 99 03 42 06
275 02 10 99 04 30 58
275 02 10 99 04 34 01
275 02 10 99 05 31 26
275 02 10 99 05 32 14
275 02 10 99 05 33 15
275 02 10 99 05 34 04
275 02 10 99 05 35 11
275 02 10 99 06 20 32
275 02 10 99 06 26 47
275 02 10 99 06 31 22
275 02 10 99 07 46 35
275 02 10 99 07 55 14
275 02 10 99 07 58 22
275 02 10 99 07 59 07
275 02 10 99 07 59 49
275 02 10 99 08 00 16
275 02 10 99 08 00 40
275 02 10 99 08 00 57
275 02 10 99 08 01 12
275 02 10 99 08 01 26
275 02 10 99 08 02 03
275 02 10 99 08 03 06
275 02 10 99 08 06 20
275 02 10 99 08 55 19
275 02 10 99 09 03 38
275 02 10 99 09 35 44
275 02 10 99 09 55 46
275 02 10 99 09 56 51
275 02 10 99 09 58 07
275 02 10 99 10 05 26
275 02 10 99 11 59 41
275 02 10 99 12 04 34
275 02 10 99 12 05 24
275 02 10 99 12 06 03
275 02 10 99 12 06 21
275 02 10 99 12 06 33
275 02 10 99 12 06 39
275 02 10 99 12 06 45
275 02 10 99 12 06 49
275 02 10 99 12 06 53
275 02 10 99 12 06 57
275 02 10 99 12 07 01
275 02 10 99 12 07 05
275 02 10 99 12 07 09
275 02 10 99 12 07 13
275 02 10 99 12 07 18
275 02 10 99 12 07 23
275 02 10 99 12 07 29
275 02 10 99 12 07 34
275 02 10 99 12 07 38
275 02 10 99 12 07 44
275 02 10 99 12 07 49
275 02 10 99 12 07 56
275 02 10 99 12 08 02
275 02 10 99 12 08 09
275 02 10 99 12 08 14
275 02 10 99 12 08 20
275 02 10 99 12 08 30
275 02 10 99 12 08 41
275 02 10 99 12 08 48
275 02 10 99 12 08 56
275 02 10 99 12 09 09
275 02 10 99 12 09 28
275 02 10 99 12 09 51
275 02 10 99 12 10 11
275 02 10 99 12 10 53
275 02 10 99 12 12 08
275 02 10 99 12 14 01
275 02 10 99 12 15 49
275 02 10 99 12 18 48
275 02 10 99 12 20 01
275 02 10 99 12 20 59
275 02 10 99 12 22 34
275 02 10 99 12 24 16
275 02 10 99 12 25 40
275 02 10 99 12 27 24
275 02 10 99 12 29 41
275 02 10 99 12 31 30
275 02 10 99 12 33 12
275 02 10 99 12 35 28
275 02 10 99 12 37 55
275 02 10 99 12 41 26
275 02 10 99 12 44 44
275 02 10 99 12 46 46
275 02 10 99 12 49 48
275 02 10 99 12 54 26
275 02 10 99 12 57 46
275 02 10 99 12 59 32
275 02 10 99 13 02 20
275 02 10 99 13 04 47
275 02 10 99 13 07 32
275 02 10 99 13 10 24
275 02 10 99 13 13 35
275 02 10 99 13 18 01
275 02 10 99 13 22 17
275 02 10 99 13 29 10
275 02 10 99 13 35 50
275 02 10 99 13 38 31
275 02 10 99 13 41 00
275 02 10 99 13 43 56
275 02 10 99 14 02 45
276 03 10 99 00 33 52
276 03 10 99 00 37 06
276 03 10 99 00 37 35
276 03 10 99 00 37 50
276 03 10 99 00 38 04
276 03 10 99 00 38 26
276 03 10 99 00 38 37
276 03 10 99 00 38 56
276 03 10 99 00 39 13
276 03 10 99 00 39 24
276 03 10 99 00 39 39
276 03 10 99 00 39 49
276 03 10 99 00 39 56
276 03 10 99 00 40 04
276 03 10 99 00 40 14
276 03 10 99 00 40 27
276 03 10 99 00 40 50
276 03 10 99 00 42 07
276 03 10 99 00 42 30
276 03 10 99 00 42 43
276 03 10 99 00 42 56
276 03 10 99 00 43 04
276 03 10 99 00 43 12
276 03 10 99 00 43 21
276 03 10 99 00 43 28
276 03 10 99 00 43 35
276 03 10 99 00 43 47
276 03 10 99 00 43 59
276 03 10 99 00 44 06
276 03 10 99 00 44 11
276 03 10 99 00 44 17
276 03 10 99 00 44 23
276 03 10 99 00 44 31
276 03 10 99 00 44 41
276 03 10 99 00 44 53
276 03 10 99 00 45 06
276 03 10 99 00 45 16
276 03 10 99 00 45 24
276 03 10 99 00 45 32
276 03 10 99 00 45 38
276 03 10 99 00 45 44
276 03 10 99 00 45 51
276 03 10 99 00 46 00
276 03 10 99 00 46 12
276 03 10 99 00 46 27
276 03 10 99 00 46 39
276 03 10 99 00 46 50
276 03 10 99 00 47 04
276 03 10 99 00 47 23
276 03 10 99 00 47 35
276 03 10 99 00 47 46
276 03 10 99 00 47 57
276 03 10 99 00 48 05
276 03 10 99 00 48 09
276 03 10 99 00 48 13
276 03 10 99 00 48 19
276 03 10 99 00 48 34
276 03 10 99 00 48 37
276 03 10 99 00 48 39
276 03 10 99 00 48 42
276 03 10 99 00 48 53
276 03 10 99 00 48 59
276 03 10 99 00 49 03
276 03 10 99 00 49 06
276 03 10 99 00 49 11
276 03 10 99 00 49 17
276 03 10 99 00 49 22
276 03 10 99 00 49 25
276 03 10 99 00 49 28
276 03 10 99 00 49 31
276 03 10 99 00 49 35
276 03 10 99 00 49 40
276 03 10 99 00 49 46
276 03 10 99 00 49 51
276 03 10 99 00 49 57
276 03 10 99 00 50 03
276 03 10 99 00 50 11
276 03 10 99 00 50 18
276 03 10 99 00 50 23
276 03 10 99 00 50 27
276 03 10 99 00 50 31
276 03 10 99 00 50 37
276 03 10 99 00 50 42
276 03 10 99 00 50 47
276 03 10 99 00 50 53
276 03 10 99 00 50 58
276 03 10 99 00 51 06
276 03 10 99 00 51 23
276 03 10 99 00 51 56
276 03 10 99 00 52 18
276 03 10 99 00 52 38
276 03 10 99 00 53 26
276 03 10 99 00 56 49
276 03 10 99 03 48 53
276 03 10 99 03 54 25
276 03 10 99 04 02 11
276 03 10 99 04 03 59
276 03 10 99 04 08 58
276 03 10 99 04 10 03
276 03 10 99 04 10 46
276 03 10 99 04 11 15
276 03 10 99 04 11 31
276 03 10 99 04 11 50
276 03 10 99 04 12 32
276 03 10 99 04 13 17
276 03 10 99 04 14 07
276 03 10 99 04 14 54
276 03 10 99 04 15 24
276 03 10 99 04 15 49
276 03 10 99 04 16 15
276 03 10 99 04 17 05
276 03 10 99 04 18 09
276 03 10 99 04 19 28
276 03 10 99 04 21 39
276 03 10 99 04 24 30
276 03 10 99 04 26 55
276 03 10 99 04 28 36
276 03 10 99 04 33 51
276 03 10 99 04 36 33
276 03 10 99 05 39 19
276 03 10 99 05 41 02
276 03 10 99 05 42 52
276 03 10 99 05 45 11
276 03 10 99 05 46 27
276 03 10 99 05 47 36
276 03 10 99 05 49 04
276 03 10 99 05 50 14
276 03 10 99 05 51 49
276 03 10 99 05 52 59
276 03 10 99 05 53 44
276 03 10 99 05 54 20
276 03 10 99 05 55 25
276 03 10 99 06 17 30
276 03 10 99 06 20 59
276 03 10 99 06 22 03
276 03 10 99 06 23 16
276 03 10 99 06 23 34
276 03 10 99 06 23 54
276 03 10 99 06 24 23
276 03 10 99 06 26 05
276 03 10 99 06 33 26
276 03 10 99 07 00 54
276 03 10 99 07 01 30
276 03 10 99 07 02 32
276 03 10 99 07 03 55
276 03 10 99 07 52 27
276 03 10 99 07 53 58
276 03 10 99 08 20 22
276 03 10 99 08 20 38
276 03 10 99 08 20 51
276 03 10 99 08 21 07
276 03 10 99 08 21 31
276 03 10 99 08 22 01
276 03 10 99 08 22 25
276 03 10 99 08 22 33
276 03 10 99 08 22 44
276 03 10 99 08 22 58
276 03 10 99 08 23 16
276 03 10 99 08 23 43
276 03 10 99 08 24 37
276 03 10 99 08 25 40
276 03 10 99 08 26 39
276 03 10 99 08 26 58
276 03 10 99 08 27 33
276 03 10 99 08 35 30
276 03 10 99 13 31 21
276 03 10 99 13 33 13
276 03 10 99 13 34 21
276 03 10 99 13 35 52
276 03 10 99 15 05 49
276 03 10 99 15 08 11
276 03 10 99 15 16 58
276 03 10 99 16 34 27
276 03 10 99 16 34 51
276 03 10 99 16 35 20
276 03 10 99 16 35 55
276 03 10 99 16 38 00
276 03 10 99 16 38 47
276 03 10 99 16 39 19
276 03 10 99 16 40 03
276 03 10 99 16 40 38
276 03 10 99 16 40 59
276 03 10 99 16 41 11
276 03 10 99 16 41 22
276 03 10 99 16 41 35
276 03 10 99 16 41 49
276 03 10 99 16 42 04
276 03 10 99 16 42 15
276 03 10 99 16 42 30
276 03 10 99 16 42 45
276 03 10 99 16 43 11
276 03 10 99 17 48 25
276 03 10 99 17 49 15
276 03 10 99 17 50 31
276 03 10 99 17 51 59
276 03 10 99 17 53 22
276 03 10 99 18 02 30
276 03 10 99 18 08 42
276 03 10 99 18 49 34
276 03 10 99 18 50 37
276 03 10 99 18 50 54
276 03 10 99 18 51 15
276 03 10 99 18 51 26
276 03 10 99 18 51 35
276 03 10 99 18 51 46
276 03 10 99 18 51 59
276 03 10 99 18 52 20
276 03 10 99 18 52 33
276 03 10 99 18 52 48
276 03 10 99 18 53 05
276 03 10 99 18 53 24
276 03 10 99 18 54 06
276 03 10 99 19 07 56
276 03 10 99 19 11 09
276 03 10 99 21 58 58
276 03 10 99 22 02 47
276 03 10 99 22 03 19
276 03 10 99 22 03 57
276 03 10 99 22 05 19
276 03 10 99 22 06 01
276 03 10 99 22 12 14
276 03 10 99 22 15 48
276 03 10 99 22 17 38
276 03 10 99 22 19 06
276 03 10 99 22 19 57
276 03 10 99 22 20 44
276 03 10 99 22 22 22
276 03 10 99 22 26 01
276 03 10 99 23 26 29
276 03 10 99 23 26 47
276 03 10 99 23 27 02
276 03 10 99 23 27 14
276 03 10 99 23 27 25
276 03 10 99 23 27 36
276 03 10 99 23 27 47
276 03 10 99 23 27 58
276 03 10 99 23 28 07
276 03 10 99 23 28 14
276 03 10 99 23 28 27
276 03 10 99 23 28 33
276 03 10 99 23 28 39
276 03 10 99 23 28 45
276 03 10 99 23 28 55
276 03 10 99 23 29 00
276 03 10 99 23 29 06
276 03 10 99 23 29 20
276 03 10 99 23 29 27
276 03 10 99 23 29 37
276 03 10 99 23 29 56
276 03 10 99 23 30 37
276 03 10 99 23 33 55
276 03 10 99 23 42 12
276 03 10 99 23 43 14
276 03 10 99 23 43 46
276 03 10 99 23 44 20
276 03 10 99 23 45 45
277 04 10 99 01 02 27
277 04 10 99 01 15 47
277 04 10 99 02 06 46
277 04 10 99 02 08 17
277 04 10 99 02 17 22
277 04 10 99 02 18 36
277 04 10 99 03 28 19
277 04 10 99 03 30 15
277 04 10 99 03 33 34
277 04 10 99 03 36 06
277 04 10 99 07 24 42
277 04 10 99 08 16 04
277 04 10 99 08 17 15
277 04 10 99 08 20 59
277 04 10 99 10 55 47
277 04 10 99 11 02 09
277 04 10 99 11 06 26
277 04 10 99 11 09 29
277 04 10 99 11 16 01
277 04 10 99 12 15 38
277 04 10 99 12 16 57
277 04 10 99 12 19 18
277 04 10 99 12 47 30
277 04 10 99 13 05 33
277 04 10 99 13 08 34
277 04 10 99 13 11 53
277 04 10 99 13 14 08
277 04 10 99 17 16 35
277 04 10 99 17 17 52
277 04 10 99 17 19 14
277 04 10 99 18 50 50
277 04 10 99 18 58 58
277 04 10 99 19 00 38
277 04 10 99 19 01 50
277 04 10 99 19 02 33
277 04 10 99 19 04 48
277 04 10 99 19 43 12
277 04 10 99 19 44 10
277 04 10 99 20 14 02
277 04 10 99 20 16 13
277 04 10 99 20 28 51
277 04 10 99 20 36 16
277 04 10 99 20 38 15
277 04 10 99 20 40 30
277 04 10 99 20 46 09
277 04 10 99 20 48 37
277 04 10 99 20 50 40
277 04 10 99 20 52 21
277 04 10 99 21 03 38
277 04 10 99 21 06 31
277 04 10 99 21 06 52
277 04 10 99 21 08 14
277 04 10 99 23 07 16
277 04 10 99 23 09 02
278 05 10 99 00 46 06
278 05 10 99 00 47 07
278 05 10 99 00 48 42
278 05 10 99 00 49 51
278 05 10 99 00 51 21
278 05 10 99 00 52 03
278 05 10 99 00 52 13
278 05 10 99 00 52 31
278 05 10 99 00 52 40
278 05 10 99 00 52 47
278 05 10 99 00 52 58
278 05 10 99 00 53 19
278 05 10 99 00 54 04
278 05 10 99 00 54 50
278 05 10 99 03 06 38
278 05 10 99 03 06 58
278 05 10 99 03 07 16
278 05 10 99 03 07 44
278 05 10 99 03 08 00
278 05 10 99 03 08 12
278 05 10 99 03 08 28
278 05 10 99 03 09 12
278 05 10 99 03 09 43
278 05 10 99 03 10 10
278 05 10 99 03 10 23
278 05 10 99 03 10 33
278 05 10 99 03 11 15
278 05 10 99 03 13 03
278 05 10 99 06 13 43
278 05 10 99 06 15 02
278 05 10 99 06 16 01
278 05 10 99 06 17 30
278 05 10 99 06 19 04
278 05 10 99 06 21 59
278 05 10 99 06 24 41
278 05 10 99 06 25 45
278 05 10 99 06 26 17
278 05 10 99 06 26 26
278 05 10 99 06 26 43
278 05 10 99 06 27 10
278 05 10 99 06 27 38
278 05 10 99 06 28 52
278 05 10 99 06 29 39
278 05 10 99 06 30 05
278 05 10 99 06 30 46
278 05 10 99 06 31 33
278 05 10 99 06 31 57
278 05 10 99 06 33 09
278 05 10 99 06 33 31
278 05 10 99 06 33 44
278 05 10 99 06 34 05
278 05 10 99 06 35 16
278 05 10 99 06 38 06
278 05 10 99 07 21 05
278 05 10 99 07 22 21
279 06 10 99 10 48 28
279 06 10 99 10 49 45
279 06 10 99 10 52 15
279 06 10 99 13 37 51
279 06 10 99 13 38 42
279 06 10 99 13 39 09
279 06 10 99 13 39 55
279 06 10 99 13 40 58
279 06 10 99 13 41 20
279 06 10 99 13 42 00
279 06 10 99 13 42 41
279 06 10 99 13 43 17
279 06 10 99 13 45 31
279 06 10 99 13 46 29
279 06 10 99 13 50 06
280 07 10 99 02 17 44
280 07 10 99 17 57 15
280 07 10 99 18 16 12
280 07 10 99 18 20 40
280 07 10 99 18 27 03
280 07 10 99 18 30 25
280 07 10 99 18 43 51
280 07 10 99 18 56 34
280 07 10 99 19 01 30
280 07 10 99 19 10 30
280 07 10 99 19 16 01
280 07 10 99 19 21 57
280 07 10 99 19 27 50
280 07 10 99 19 33 11
280 07 10 99 19 38 52
280 07 10 99 19 46 28
280 07 10 99 19 53 55
280 07 10 99 20 01 47
280 07 10 99 20 14 52
280 07 10 99 20 30 36
280 07 10 99 20 39 07
280 07 10 99 20 51 55
280 07 10 99 20 56 56
280 07 10 99 20 59 24
280 07 10 99 21 01 49
280 07 10 99 21 04 11
280 07 10 99 21 05 57
280 07 10 99 21 08 57
280 07 10 99 21 12 29
280 07 10 99 21 15 50
280 07 10 99 21 20 30
280 07 10 99 21 25 38
280 07 10 99 21 30 50
280 07 10 99 21 32 28
280 07 10 99 21 33 37
280 07 10 99 21 35 29
280 07 10 99 21 37 14
280 07 10 99 21 37 47
280 07 10 99 21 38 10
280 07 10 99 21 38 31
280 07 10 99 21 38 56
280 07 10 99 21 39 24
280 07 10 99 21 39 50
280 07 10 99 21 40 19
280 07 10 99 21 41 02
280 07 10 99 21 41 55
280 07 10 99 21 44 18
280 07 10 99 21 46 48
280 07 10 99 21 47 36
280 07 10 99 21 52 02
280 07 10 99 21 54 21
280 07 10 99 21 55 32
280 07 10 99 21 56 50
280 07 10 99 21 59 21
280 07 10 99 22 02 11
280 07 10 99 22 07 56
280 07 10 99 22 11 04
280 07 10 99 22 13 16
280 07 10 99 22 14 46
280 07 10 99 22 16 48
280 07 10 99 22 17 33
280 07 10 99 22 18 25
280 07 10 99 22 20 17
280 07 10 99 22 21 06
280 07 10 99 22 23 08
280 07 10 99 22 38 16
280 07 10 99 23 01 46
280 07 10 99 23 03 28
281 08 10 99 09 00 07
281 08 10 99 09 02 43
281 08 10 99 09 09 39
281 08 10 99 09 11 43
281 08 10 99 09 14 48
281 08 10 99 09 26 22
281 08 10 99 09 56 53
281 08 10 99 10 11 32
281 08 10 99 10 25 08
281 08 10 99 10 56 45
281 08 10 99 10 57 15
281 08 10 99 10 57 58
281 08 10 99 10 59 22
281 08 10 99 11 18 07
281 08 10 99 11 20 04
281 08 10 99 11 20 35
281 08 10 99 11 20 53
281 08 10 99 11 21 06
281 08 10 99 11 21 18
281 08 10 99 11 21 29
281 08 10 99 11 21 41
281 08 10 99 11 21 54
281 08 10 99 11 22 08
281 08 10 99 11 22 34
281 08 10 99 11 22 50
281 08 10 99 11 22 59
281 08 10 99 11 23 08
281 08 10 99 11 23 19
281 08 10 99 11 23 30
281 08 10 99 11 23 51
281 08 10 99 11 24 35
281 08 10 99 11 25 28
281 08 10 99 11 26 31
281 08 10 99 11 28 54
281 08 10 99 11 51 31
281 08 10 99 12 06 02
281 08 10 99 13 12 57
282 09 10 99 02 47 20
282 09 10 99 02 58 12
282 09 10 99 03 12 19
282 09 10 99 03 13 58
282 09 10 99 03 20 19
282 09 10 99 06 25 16
282 09 10 99 06 27 13
282 09 10 99 09 59 44
282 09 10 99 11 39 35
282 09 10 99 11 43 10
282 09 10 99 11 43 33
282 09 10 99 11 44 24
282 09 10 99 11 45 47
282 09 10 99 11 47 08
282 09 10 99 11 49 47
282 09 10 99 12 30 35
282 09 10 99 13 19 58
282 09 10 99 13 21 27
283 10 10 99 00 57 29
283 10 10 99 04 44 28
283 10 10 99 04 47 55
283 10 10 99 04 51 43
283 10 10 99 04 56 11
283 10 10 99 05 05 11
283 10 10 99 05 34 00
283 10 10 99 19 09 31
283 10 10 99 19 55 26
283 10 10 99 20 12 39
283 10 10 99 21 09 11
284 11 10 99 02 06 47
288 15 10 99 13 37 27
288 15 10 99 13 41 25
288 15 10 99 13 43 37
288 15 10 99 13 44 45
288 15 10 99 13 51 50
288 15 10 99 13 54 41
288 15 10 99 22 47 03
289 16 10 99 02 53 15
289 16 10 99 06 30 33
291 18 10 99 07 41 28
294 21 10 99 17 08 13
294 21 10 99 18 47 21
294 21 10 99 18 56 46
294 21 10 99 19 01 39
294 21 10 99 19 07 21
294 21 10 99 19 41 58
294 21 10 99 19 50 34
294 21 10 99 19 54 37
294 21 10 99 19 57 44
294 21 10 99 20 00 44
294 21 10 99 20 02 58
294 21 10 99 20 05 23
294 21 10 99 20 08 53
294 21 10 99 20 12 13
294 21 10 99 20 15 06
294 21 10 99 20 18 10
294 21 10 99 20 21 22
294 21 10 99 20 24 57
294 21 10 99 20 28 05
294 21 10 99 20 31 11
294 21 10 99 20 34 26
294 21 10 99 20 37 08
294 21 10 99 20 39 24
294 21 10 99 20 41 19
294 21 10 99 20 43 07
294 21 10 99 20 44 45
294 21 10 99 20 46 06
294 21 10 99 20 47 19
294 21 10 99 20 48 35
294 21 10 99 20 49 34
294 21 10 99 20 51 18
294 21 10 99 20 53 35
294 21 10 99 20 55 29
294 21 10 99 20 57 06
294 21 10 99 20 59 04
294 21 10 99 21 01 15
294 21 10 99 21 05 22
294 21 10 99 21 19 40
295 22 10 99 11 31 14
295 22 10 99 12 15 58
295 22 10 99 12 20 09
295 22 10 99 12 31 48
295 22 10 99 12 38 17
295 22 10 99 12 42 47
295 22 10 99 12 46 24
295 22 10 99 12 49 21
295 22 10 99 12 53 32
295 22 10 99 12 57 47
295 22 10 99 13 01 44
295 22 10 99 13 04 55
295 22 10 99 13 08 50
295 22 10 99 13 12 29
295 22 10 99 13 14 53
295 22 10 99 13 17 43
295 22 10 99 13 19 45
295 22 10 99 13 21 27
295 22 10 99 13 23 38
295 22 10 99 13 28 07
295 22 10 99 13 38 19
295 22 10 99 13 46 44
295 22 10 99 13 54 36
295 22 10 99 14 00 44
295 22 10 99 14 12 25
295 22 10 99 14 15 52
295 22 10 99 14 21 18
295 22 10 99 14 36 40
295 22 10 99 17 41 51
295 22 10 99 17 44 21
295 22 10 99 17 46 51
295 22 10 99 17 49 38
295 22 10 99 17 51 27
295 22 10 99 17 54 17
295 22 10 99 17 59 28
295 22 10 99 18 03 10
295 22 10 99 18 05 18
295 22 10 99 18 07 45
295 22 10 99 18 13 58
295 22 10 99 18 20 02
295 22 10 99 18 29 16
295 22 10 99 18 41 12
296 23 10 99 03 41 39
296 23 10 99 04 15 52
296 23 10 99 04 45 10
296 23 10 99 06 21 47
297 24 10 99 09 35 00
297 24 10 99 13 37 20
297 24 10 99 13 46 32
297 24 10 99 19 39 32
297 24 10 99 19 45 44
298 25 10 99 11 54 59
298 25 10 99 23 42 59
298 25 10 99 23 45 34
298 25 10 99 23 47 40
298 25 10 99 23 51 42
298 25 10 99 23 53 05
298 25 10 99 23 53 32
298 25 10 99 23 53 51
298 25 10 99 23 54 07
298 25 10 99 23 54 27
298 25 10 99 23 55 15
298 25 10 99 23 56 32
298 25 10 99 23 58 04
298 25 10 99 23 59 15
298 25 10 99 23 59 34
298 25 10 99 23 59 57
299 26 10 99 00 00 23
299 26 10 99 00 27 03
299 26 10 99 10 53 31
299 26 10 99 18 52 21
299 26 10 99 18 55 22
299 26 10 99 18 56 58
299 26 10 99 18 58 18
299 26 10 99 19 02 32
301 28 10 99 13 47 09
301 28 10 99 15 25 24
302 29 10 99 10 11 50
302 29 10 99 11 14 20
302 29 10 99 23 56 34
303 30 10 99 06 22 30
303 30 10 99 22 56 42
303 30 10 99 22 58 59
304 31 10 99 00 07 25
304 31 10 99 00 09 53
304 31 10 99 00 15 42
304 31 10 99 00 17 24
304 31 10 99 00 19 50
304 31 10 99 00 20 14
304 31 10 99 00 20 46
304 31 10 99 00 21 18
304 31 10 99 00 21 42
304 31 10 99 00 22 14
304 31 10 99 00 22 44
304 31 10 99 00 23 27
304 31 10 99 00 24 31
304 31 10 99 00 25 28
304 31 10 99 00 26 04
304 31 10 99 00 26 41
304 31 10 99 00 27 45
304 31 10 99 00 28 32
304 31 10 99 00 29 09
304 31 10 99 00 29 48
304 31 10 99 00 30 54
304 31 10 99 00 32 04
304 31 10 99 00 33 09
304 31 10 99 00 33 55
304 31 10 99 00 34 28
304 31 10 99 00 35 11
304 31 10 99 00 36 18
304 31 10 99 00 38 09
304 31 10 99 00 42 02
304 31 10 99 00 45 08
304 31 10 99 00 49 24
304 31 10 99 01 00 58
305 01 11 99 16 08 19
305 01 11 99 16 58 13
305 01 11 99 17 26 15
305 01 11 99 17 31 48
305 01 11 99 17 45 56
305 01 11 99 17 56 16
305 01 11 99 18 14 22
305 01 11 99 20 26 12
305 01 11 99 20 36 19
305 01 11 99 21 06 02
305 01 11 99 21 20 19
305 01 11 99 21 25 39
305 01 11 99 21 29 27
305 01 11 99 21 36 57
305 01 11 99 21 43 25
307 03 11 99 03 10 23
307 03 11 99 03 16 40
307 03 11 99 12 48 38
** TBS-1097-08 **
**EOF**
Number of collected log-cycles is:  1474 
Original name of this file is: p-bosw
